2.817049655900896341e-24 2.790407458963798295e-24 2.763655967571101803e-24 2.736804202508745319e-24 2.709860502222191211e-24 2.682832564014842825e-24 2.655727484579678193e-24 2.628551799495875639e-24 2.601311521408416634e-24 2.574012176682287457e-24 2.546658840385122015e-24 2.519256169504064072e-24 2.491808434345384266e-24 2.464319548100097823e-24 2.436793094586664937e-24 2.409232354203639905e-24 2.381640328141890669e-24 2.354019760918526141e-24 2.326373161303599113e-24 2.298702821716696834e-24 2.271010836174171291e-24 2.243299116869488862e-24 2.215569409469389496e-24 2.187823307207555211e-24 2.160062263855580464e-24 2.132287605648456020e-24 2.104500542238690027e-24 2.076702176749782968e-24 2.048893514996121352e-24 2.021075473932626172e-24 1.993248889393702613e-24 1.965414523177289531e-24 1.937573069526124987e-24 1.909725161054783455e-24 1.881871374167617808e-24 1.854012234009432028e-24 1.826148218987645440e-24 1.798279764901737874e-24 1.770407268712996504e-24 1.742531091985029482e-24 1.714651564023083033e-24 1.686768984737523287e-24 1.658883627256858459e-24 1.630995740396899825e-24 1.603210870578114439e-24 1.575987319579605131e-24 1.530887349289604811e-24 1.469477419707095285e-24 1.395326416372079898e-24 1.289632547569703026e-24
2.790407458963798295e-24 2.763765262026699883e-24 2.737013770634003757e-24 2.710162005571647641e-24 2.683218305285093165e-24 2.656190367077744780e-24 2.629085287642580147e-24 2.601909602558777226e-24 2.574669324471318221e-24 2.547369979745189411e-24 2.520016643448022868e-24 2.492613972566965660e-24 2.465166237408286588e-24 2.437677351162999042e-24 2.410150897649566891e-24 2.382590157266541492e-24 2.354998131204792624e-24 2.327377563981428095e-24 2.299730964366501435e-24 2.272060624779598421e-24 2.244368639237073246e-24 2.216656919932390817e-24 2.188927212532290716e-24 2.161181110270456798e-24 2.133420066918481684e-24 2.105645408711357607e-24 2.077858345301591615e-24 2.050059979812684555e-24 2.022251318059022939e-24 1.994433276995527759e-24 1.966606692456604567e-24 1.938772326240191485e-24 1.910930872589026575e-24 1.883082964117685409e-24 1.855229177230519762e-24 1.827370037072333248e-24 1.799506022050547027e-24 1.771637567964639094e-24 1.743765071775898826e-24 1.715888895047931436e-24 1.688009367085983886e-24 1.660126787800428180e-24 1.632241430319762251e-24 1.604353543457816663e-24 1.576566353610504070e-24 1.549328319578934507e-24 1.504599233344692717e-24 1.443914040874160254e-24 1.370761252216915095e-24 1.266715416914599022e-24
2.763655967571101803e-24 2.737013770634003757e-24 2.710262279241307632e-24 2.683410514178950781e-24 2.656466813892397040e-24 2.629438875685048287e-24 2.602333796249882920e-24 2.575158111166080366e-24 2.547917833078622463e-24 2.520618488352493286e-24 2.493265152055326008e-24 2.465862481174269534e-24 2.438414746015589361e-24 2.410925859770302550e-24 2.383399406256870031e-24 2.355838665873845367e-24 2.328246639812096131e-24 2.300626072588731603e-24 2.272979472973804575e-24 2.245309133386901929e-24 2.217617147844376386e-24 2.189905428539693957e-24 2.162175721139594591e-24 2.134429618877760305e-24 2.106668575525785559e-24 2.078893917318660747e-24 2.051106853908895122e-24 2.023308488419988062e-24 1.995499826666326814e-24 1.967681785602831267e-24 1.939855201063908809e-24 1.912020834847494625e-24 1.884179381196330082e-24 1.856331472724988916e-24 1.828477685837822902e-24 1.800618545679636756e-24 1.772754530657850902e-24 1.744886076571942969e-24 1.717013580383202333e-24 1.689137403655235311e-24 1.661257875693286659e-24 1.633375296407734810e-24 1.605489938927068880e-24 1.577602052063127524e-24 1.549812532669819834e-24 1.522559956191349035e-24 1.478203275492912434e-24 1.418245793228064376e-24 1.346095314231072805e-24 1.243704273167229073e-24
2.736804202508745319e-24 2.710162005571647641e-24 2.683410514178950781e-24 2.656558749116594298e-24 2.629615048830040556e-24 2.602587110622692171e-24 2.575482031187526804e-24 2.548306346103724617e-24 2.521066068016265980e-24 2.493766723290137170e-24 2.466413386992970626e-24 2.439010716111913051e-24 2.411562980953233612e-24 2.384074094707946801e-24 2.356547641194513915e-24 2.328986900811489250e-24 2.301394874749740382e-24 2.273774307526375119e-24 2.246127707911448458e-24 2.218457368324546180e-24 2.190765382782021004e-24 2.163053663477337841e-24 2.135323956077238107e-24 2.107577853815404189e-24 2.079816810463429443e-24 2.052042152256304631e-24 2.024255088846539006e-24 1.996456723357632314e-24 1.968648061603970698e-24 1.940830020540475151e-24 1.913003436001552326e-24 1.885169069785138876e-24 1.857327616133973966e-24 1.829479707662632433e-24 1.801625920775467521e-24 1.773766780617280640e-24 1.745902765595494419e-24 1.718034311509586853e-24 1.690161815320845850e-24 1.662285638592878827e-24 1.634406110630929808e-24 1.606523531345382000e-24 1.578638173864714785e-24 1.550750286998771047e-24 1.522958429327539351e-24 1.495691255892141441e-24 1.451708376631857572e-24 1.392481332277542650e-24 1.321336919937612583e-24 1.220606875842712980e-24
2.709860502222191211e-24 2.683218305285093165e-24 2.656466813892397040e-24 2.629615048830040556e-24 2.602671348543485346e-24 2.575643410336136961e-24 2.548538330900972695e-24 2.521362645817169039e-24 2.494122367729710769e-24 2.466823023003581959e-24 2.439469686706415416e-24 2.412067015825358575e-24 2.384619280666678769e-24 2.357130394421391958e-24 2.329603940907958704e-24 2.302043200524934775e-24 2.274451174463184804e-24 2.246830607239820276e-24 2.219184007624893248e-24 2.191513668037991337e-24 2.163821682495465426e-24 2.136109963190782997e-24 2.108380255790683999e-24 2.080634153528849346e-24 2.052873110176874600e-24 2.025098451969749788e-24 1.997311388559984163e-24 1.969513023071077103e-24 1.941704361317415487e-24 1.913886320253919940e-24 1.886059735714997115e-24 1.858225369498583666e-24 1.830383915847418388e-24 1.802536007376077590e-24 1.774682220488912310e-24 1.746823080330725796e-24 1.718959065308939943e-24 1.691090611223032010e-24 1.663218115034291006e-24 1.635341938306323433e-24 1.607462410344373128e-24 1.579579831058830646e-24 1.551694473578162513e-24 1.523806586710208863e-24 1.496012382755244008e-24 1.468730562385774922e-24 1.425122764387109781e-24 1.366628658820753924e-24 1.296493757714562906e-24 1.197430397519368083e-24
2.682832564014842825e-24 2.656190367077744780e-24 2.629438875685048287e-24 2.602587110622692171e-24 2.575643410336136961e-24 2.548615472128789677e-24 2.521510392693624310e-24 2.494334707609821756e-24 2.467094429522363118e-24 2.439795084796234676e-24 2.412441748499067765e-24 2.385039077618010190e-24 2.357591342459330383e-24 2.330102456214043572e-24 2.302576002700611421e-24 2.275015262317586389e-24 2.247423236255837521e-24 2.219802669032472625e-24 2.192156069417545965e-24 2.164485729830642584e-24 2.136793744288117776e-24 2.109082024983434979e-24 2.081352317583335613e-24 2.053606215321501328e-24 2.025845171969526582e-24 1.998070513762402505e-24 1.970283450352636145e-24 1.942485084863728718e-24 1.914676423110067469e-24 1.886858382046572657e-24 1.859031797507649097e-24 1.831197431291236015e-24 1.803355977640071105e-24 1.775508069168729939e-24 1.747654282281563925e-24 1.719795142123377778e-24 1.691931127101592292e-24 1.664062673015684359e-24 1.636190176826942988e-24 1.608314000098975966e-24 1.580434472137024743e-24 1.552551892851485383e-24 1.524666535370816882e-24 1.496778648500847812e-24 1.468982090926628645e-24 1.441685577830297006e-24 1.398454033763123956e-24 1.340695158475461371e-24 1.271572924781501415e-24 1.174181459276840160e-24
2.655727484579678193e-24 2.629085287642580147e-24 2.602333796249882920e-24 2.575482031187526804e-24 2.548538330900972695e-24 2.521510392693624310e-24 2.494405313258459310e-24 2.467229628174657123e-24 2.439989350087198486e-24 2.412690005361068574e-24 2.385336669063902765e-24 2.357933998182845924e-24 2.330486263024165751e-24 2.302997376778878940e-24 2.275470923265445687e-24 2.247910182882421757e-24 2.220318156820672521e-24 2.192697589597307625e-24 2.165050989982380597e-24 2.137380650395478686e-24 2.109688664852953143e-24 2.081976945548270347e-24 2.054247238148170981e-24 2.026501135886336328e-24 1.998740092534361949e-24 1.970965434327237137e-24 1.943178370917471512e-24 1.915380005428564452e-24 1.887571343674902469e-24 1.859753302611406922e-24 1.831926718072484097e-24 1.804092351856071383e-24 1.776250898204905737e-24 1.748402989733565307e-24 1.720549202846399292e-24 1.692690062688213146e-24 1.664826047666427292e-24 1.636957593580519543e-24 1.609085097391777988e-24 1.581208920663810599e-24 1.553329392701858641e-24 1.525446813416324057e-24 1.497561455935654454e-24 1.469673569063663349e-24 1.441874651152657509e-24 1.414563403394521890e-24 1.371709187136176045e-24 1.314687640569418191e-24 1.246580964571326271e-24 1.150866165560664718e-24
2.628551799495875639e-24 2.601909602558777226e-24 2.575158111166080366e-24 2.548306346103724617e-24 2.521362645817169039e-24 2.494334707609821756e-24 2.467229628174657123e-24 2.440053943090854570e-24 2.412813665003395565e-24 2.385514320277266387e-24 2.358160983980100211e-24 2.330758313099042636e-24 2.303310577940363197e-24 2.275821691695076386e-24 2.248295238181644235e-24 2.220734497798619570e-24 2.193142471736869967e-24 2.165521904513504704e-24 2.137875304898577676e-24 2.110204965311675397e-24 2.082512979769150589e-24 2.054801260464467793e-24 2.027071553064368427e-24 1.999325450802533774e-24 1.971564407450559395e-24 1.943789749243434216e-24 1.916002685833668591e-24 1.888204320344761531e-24 1.860395658591099181e-24 1.832577617527604368e-24 1.804751032988681543e-24 1.776916666772268094e-24 1.749075213121103551e-24 1.721227304649762385e-24 1.693373517762596371e-24 1.665514377604410224e-24 1.637650362582624554e-24 1.609781908496716438e-24 1.581909412307975434e-24 1.554033235580007678e-24 1.526153707618054617e-24 1.498271128332524442e-24 1.470385770851853920e-24 1.442497883977836557e-24 1.414696599581634616e-24 1.387370578779577454e-24 1.344894673226078269e-24 1.288612376037669253e-24 1.221523903147720608e-24 1.127490138156549088e-24
2.601311521408416634e-24 2.574669324471318221e-24 2.547917833078622463e-24 2.521066068016265980e-24 2.494122367729710769e-24 2.467094429522363118e-24 2.439989350087198486e-24 2.412813665003395565e-24 2.385573386915936927e-24 2.358274042189808117e-24 2.330920705892641206e-24 2.303518035011585100e-24 2.276070299852904926e-24 2.248581413607617748e-24 2.221054960094185230e-24 2.193494219711160198e-24 2.165902193649411330e-24 2.138281626426046434e-24 2.110635026811119038e-24 2.082964687224217127e-24 2.055272701681691217e-24 2.027560982377009155e-24 1.999831274976909422e-24 1.972085172715075504e-24 1.944324129363100390e-24 1.916549471155976313e-24 1.888762407746209953e-24 1.860964042257302893e-24 1.833155380503642012e-24 1.805337339440146465e-24 1.777510754901223640e-24 1.749676388684809824e-24 1.721834935033645280e-24 1.693987026562304115e-24 1.666133239675138101e-24 1.638274099516951954e-24 1.610410084495166468e-24 1.582541630409258167e-24 1.554669134220517348e-24 1.526792957492549958e-24 1.498913429530595796e-24 1.471030850245069110e-24 1.443145492764398405e-24 1.415257605888348722e-24 1.387453949382128662e-24 1.360113120422581126e-24 1.318016424768361833e-24 1.262475134056150929e-24 1.196407284408258578e-24 1.104058549031765405e-24
2.574012176682287457e-24 2.547369979745189411e-24 2.520618488352493286e-24 2.493766723290137170e-24 2.466823023003581959e-24 2.439795084796234676e-24 2.412690005361068574e-24 2.385514320277266387e-24 2.358274042189808117e-24 2.330974697463678205e-24 2.303621361166512029e-24 2.276218690285454454e-24 2.248770955126775015e-24 2.221282068881488571e-24 2.193755615368056053e-24 2.166194874985031388e-24 2.138602848923282153e-24 2.110982281699917257e-24 2.083335682084989861e-24 2.055665342498087583e-24 2.027973356955562407e-24 2.000261637650879978e-24 1.972531930250780612e-24 1.944785827988945959e-24 1.917024784636971213e-24 1.889250126429846769e-24 1.861463063020080776e-24 1.833664697531174084e-24 1.805856035777511733e-24 1.778037994714016553e-24 1.750211410175093728e-24 1.722377043958680279e-24 1.694535590307515736e-24 1.666687681836174570e-24 1.638833894949008556e-24 1.610974754790822593e-24 1.583110739769036556e-24 1.555242285683128256e-24 1.527369789494387436e-24 1.499493612766420230e-24 1.471614084804464966e-24 1.443731505518943055e-24 1.415846148038271432e-24 1.387958261160185940e-24 1.360152227400367619e-24 1.332796558173962424e-24 1.291079894681337390e-24 1.236281217211659230e-24 1.171236203881037190e-24 1.080576151864425577e-24
2.546658840385121648e-24 2.520016643448022868e-24 2.493265152055326008e-24 2.466413386992970626e-24 2.439469686706415416e-24 2.412441748499067765e-24 2.385336669063902398e-24 2.358160983980100211e-24 2.330920705892641206e-24 2.303621361166512029e-24 2.276268024869345118e-24 2.248865353988289012e-24 2.221417618829608838e-24 2.193928732584321660e-24 2.166402279070889509e-24 2.138841538687864844e-24 2.111249512626115609e-24 2.083628945402750713e-24 2.055982345787823318e-24 2.028312006200921407e-24 2.000620020658395496e-24 1.972908301353713067e-24 1.945178593953614069e-24 1.917432491691779783e-24 1.889671448339805037e-24 1.861896790132680225e-24 1.834109726722914232e-24 1.806311361234007173e-24 1.778502699480345924e-24 1.750684658416850745e-24 1.722858073877927552e-24 1.695023707661514103e-24 1.667182254010348825e-24 1.639334345539008394e-24 1.611480558651842380e-24 1.583621418493656417e-24 1.555757403471870196e-24 1.527888949385962263e-24 1.500016453197220709e-24 1.472140276469254238e-24 1.444260748507297504e-24 1.416378169221779818e-24 1.388492811741107460e-24 1.360604924860981567e-24 1.332796509145926087e-24 1.305425970302167415e-24 1.264090090583808902e-24 1.210035495067947175e-24 1.146015340980062585e-24 1.057047312134910658e-24
2.519256169504064072e-24 2.492613972566965660e-24 2.465862481174269534e-24 2.439010716111913051e-24 2.412067015825358575e-24 2.385039077618010190e-24 2.357933998182845924e-24 2.330758313099042636e-24 2.303518035011585100e-24 2.276218690285454454e-24 2.248865353988289012e-24 2.221462683107231437e-24 2.194014947948551998e-24 2.166526061703264819e-24 2.138999608189832301e-24 2.111438867806807636e-24 2.083846841745058768e-24 2.056226274521694607e-24 2.028579674906766477e-24 2.000909335319864566e-24 1.973217349777339023e-24 1.945505630472655859e-24 1.917775923072556860e-24 1.890029820810722207e-24 1.862268777458748196e-24 1.834494119251623017e-24 1.806707055841857392e-24 1.778908690352949965e-24 1.751100028599288716e-24 1.723281987535793536e-24 1.695455402996869977e-24 1.667621036780456895e-24 1.639779583129292168e-24 1.611931674657951186e-24 1.584077887770785172e-24 1.556218747612599209e-24 1.528354732590813172e-24 1.500486278504905055e-24 1.472613782316163868e-24 1.444737605588196662e-24 1.416858077626239561e-24 1.388975498340725732e-24 1.361090140860053007e-24 1.333202253977883406e-24 1.305391452011487136e-24 1.278006016731475229e-24 1.237051607570481351e-24 1.183742436037545793e-24 1.120748989632520981e-24 1.033476035698411471e-24
2.491808434345384266e-24 2.465166237408286588e-24 2.438414746015589361e-24 2.411562980953233612e-24 2.384619280666678769e-24 2.357591342459330383e-24 2.330486263024165383e-24 2.303310577940363197e-24 2.276070299852904926e-24 2.248770955126775015e-24 2.221417618829608838e-24 2.194014947948551998e-24 2.166567212789872191e-24 2.139078326544585380e-24 2.111551873031152127e-24 2.083991132648128197e-24 2.056399106586378595e-24 2.028778539363013699e-24 2.001131939748086303e-24 1.973461600161184392e-24 1.945769614618659216e-24 1.918057895313976053e-24 1.890328187913877054e-24 1.862582085652043136e-24 1.834821042300068022e-24 1.807046384092942843e-24 1.779259320683177585e-24 1.751460955194270526e-24 1.723652293440608910e-24 1.695834252377113730e-24 1.668007667838190905e-24 1.640173301621777456e-24 1.612331847970612545e-24 1.584483939499271196e-24 1.556630152612105917e-24 1.528771012453919403e-24 1.500906997432133182e-24 1.473038543346225432e-24 1.445166047157484245e-24 1.417289870429517407e-24 1.389410342467558653e-24 1.361527763182049415e-24 1.333642405701375404e-24 1.305754518817158607e-24 1.277941326675180226e-24 1.250540970461406367e-24 1.209968659194258900e-24 1.157406137509913370e-24 1.095441087230464709e-24 1.009865995794297379e-24
2.464319548100097823e-24 2.437677351162999042e-24 2.410925859770302550e-24 2.384074094707946801e-24 2.357130394421391958e-24 2.330102456214043205e-24 2.302997376778878940e-24 2.275821691695076386e-24 2.248581413607617748e-24 2.221282068881488571e-24 2.193928732584321660e-24 2.166526061703264819e-24 2.139078326544585013e-24 2.111589440299297835e-24 2.084062986785865684e-24 2.056502246402840652e-24 2.028910220341091784e-24 2.001289653117727255e-24 1.973643053502799860e-24 1.945972713915897581e-24 1.918280728373372773e-24 1.890569009068689609e-24 1.862839301668590243e-24 1.835093199406756325e-24 1.807332156054781211e-24 1.779557497847656400e-24 1.751770434437890407e-24 1.723972068948983715e-24 1.696163407195322099e-24 1.668345366131826552e-24 1.640518781592903727e-24 1.612684415376490461e-24 1.584842961725325551e-24 1.556995053253984569e-24 1.529141266366818187e-24 1.501282126208632408e-24 1.473418111186846371e-24 1.445549657100938438e-24 1.417677160912197251e-24 1.389800984184230412e-24 1.361921456222270373e-24 1.334038876936765911e-24 1.306153519456091165e-24 1.278265632569824049e-24 1.250450046668786109e-24 1.223034747151004136e-24 1.182845106638938741e-24 1.131030354219864146e-24 1.070095241891492497e-24 9.862205584779283104e-25
2.436793094586664569e-24 2.410150897649566891e-24 2.383399406256870031e-24 2.356547641194513548e-24 2.329603940907958704e-24 2.302576002700611421e-24 2.275470923265445687e-24 2.248295238181644235e-24 2.221054960094184862e-24 2.193755615368056053e-24 2.166402279070889509e-24 2.138999608189832301e-24 2.111551873031152127e-24 2.084062986785865684e-24 2.056536533272432798e-24 2.028975792889408133e-24 2.001383766827659265e-24 1.973763199604294737e-24 1.946116599989366974e-24 1.918446260402464695e-24 1.890754274859939520e-24 1.863042555555257458e-24 1.835312848155157725e-24 1.807566745893323072e-24 1.779805702541348326e-24 1.752031044334224249e-24 1.724243980924457889e-24 1.696445615435550829e-24 1.668636953681889213e-24 1.640818912618394217e-24 1.612992328079470841e-24 1.585157961863058126e-24 1.557316508211893032e-24 1.529468599740551683e-24 1.501614812853385853e-24 1.473755672695199890e-24 1.445891657673414036e-24 1.418023203587505919e-24 1.390150707398764916e-24 1.362274530670797526e-24 1.334395002708837119e-24 1.306512423423336331e-24 1.278627065942660851e-24 1.250739179054340476e-24 1.222921196122849913e-24 1.195490932879019412e-24 1.155684486093201690e-24 1.104618524866886580e-24 1.044714758038623454e-24 9.625428064844136877e-25
2.409232354203639905e-24 2.382590157266541492e-24 2.355838665873845367e-24 2.328986900811489250e-24 2.302043200524934775e-24 2.275015262317586389e-24 2.247910182882421757e-24 2.220734497798618835e-24 2.193494219711160198e-24 2.166194874985031388e-24 2.138841538687864844e-24 2.111438867806807636e-24 2.083991132648128197e-24 2.056502246402840652e-24 2.028975792889408133e-24 2.001415052506383101e-24 1.973823026444634233e-24 1.946202459221270072e-24 1.918555859606342309e-24 1.890885520019440031e-24 1.863193534476914488e-24 1.835481815172232059e-24 1.807752107772132693e-24 1.780006005510298407e-24 1.752244962158323661e-24 1.724470303951199584e-24 1.696683240541433224e-24 1.668884875052526164e-24 1.641076213298864916e-24 1.613258172235369369e-24 1.585431587696446176e-24 1.557597221480033095e-24 1.529755767828868000e-24 1.501907859357526835e-24 1.474054072470361739e-24 1.446194932312175041e-24 1.418330917290389004e-24 1.390462463204481255e-24 1.362589967015739884e-24 1.334713790287773229e-24 1.306834262325810985e-24 1.278951683040314972e-24 1.251066325559638574e-24 1.223178438669262921e-24 1.195358055721584288e-24 1.167912810112932200e-24 1.128490034358342078e-24 1.078173797016895573e-24 1.019302660329664017e-24 9.388355615526089530e-25
2.381640328141890669e-24 2.354998131204792624e-24 2.328246639812096131e-24 2.301394874749740015e-24 2.274451174463184804e-24 2.247423236255837521e-24 2.220318156820672521e-24 2.193142471736869967e-24 2.165902193649411330e-24 2.138602848923282153e-24 2.111249512626115609e-24 2.083846841745058768e-24 2.056399106586378595e-24 2.028910220341091784e-24 2.001383766827659265e-24 1.973823026444634233e-24 1.946231000382885365e-24 1.918610433159520837e-24 1.890963833544593441e-24 1.863293493957691163e-24 1.835601508415165987e-24 1.807889789110482823e-24 1.780160081710383825e-24 1.752413979448549172e-24 1.724652936096574426e-24 1.696878277889449981e-24 1.669091214479683989e-24 1.641292848990776745e-24 1.613484187237115497e-24 1.585666146173619950e-24 1.557839561634697492e-24 1.530005195418283675e-24 1.502163741767118765e-24 1.474315833295777783e-24 1.446462046408611953e-24 1.418602906250426173e-24 1.390738891228639952e-24 1.362870437142732019e-24 1.334997940953991016e-24 1.307121764226023810e-24 1.279242236264061199e-24 1.251359656978569043e-24 1.223474299497892277e-24 1.195586412605458591e-24 1.167763626917204835e-24 1.140303381936443609e-24 1.101264712738703062e-24 1.051699050334029666e-24 9.938617159818416241e-25 9.151014052520210317e-25
2.354019760918526141e-24 2.327377563981427728e-24 2.300626072588731603e-24 2.273774307526375119e-24 2.246830607239820276e-24 2.219802669032472625e-24 2.192697589597307625e-24 2.165521904513504704e-24 2.138281626426046434e-24 2.110982281699917257e-24 2.083628945402750713e-24 2.056226274521694240e-24 2.028778539363013699e-24 2.001289653117727255e-24 1.973763199604294737e-24 1.946202459221270072e-24 1.918610433159520837e-24 1.890989865936155941e-24 1.863343266321228545e-24 1.835672926734326634e-24 1.807980941191801091e-24 1.780269221887118295e-24 1.752539514487019296e-24 1.724793412225184643e-24 1.697032368873209897e-24 1.669257710666085453e-24 1.641470647256319093e-24 1.613672281767412400e-24 1.585863620013750968e-24 1.558045578950256156e-24 1.530218994411332596e-24 1.502384628194919331e-24 1.474543174543754420e-24 1.446695266072413071e-24 1.418841479185247240e-24 1.390982339027061461e-24 1.363118324005275424e-24 1.335249869919367674e-24 1.307377373730626120e-24 1.279501197002658914e-24 1.251621669040695385e-24 1.223739089755207270e-24 1.195853732274529952e-24 1.167965845380036029e-24 1.140140654465815178e-24 1.112665394597610676e-24 1.074011229276122514e-24 1.025196918202116850e-24 9.683944555489781406e-25 8.913426983660838597e-25
2.326373161303598745e-24 2.299730964366499965e-24 2.272979472973804207e-24 2.246127707911448091e-24 2.219184007624892881e-24 2.192156069417545965e-24 2.165050989982380597e-24 2.137875304898577309e-24 2.110635026811119038e-24 2.083335682084989861e-24 2.055982345787823318e-24 2.028579674906766477e-24 2.001131939748086303e-24 1.973643053502799860e-24 1.946116599989366974e-24 1.918555859606342309e-24 1.890963833544593441e-24 1.863343266321228545e-24 1.835696666706301517e-24 1.808026327119399606e-24 1.780334341576873696e-24 1.752622622272191267e-24 1.724892914872091901e-24 1.697146812610257615e-24 1.669385769258282869e-24 1.641611111051158057e-24 1.613824047641391881e-24 1.586025682152484638e-24 1.558217020398823389e-24 1.530398979335328577e-24 1.502572394796405201e-24 1.474738028579991568e-24 1.446896574928826841e-24 1.419048666457485859e-24 1.391194879570320029e-24 1.363335739412134066e-24 1.335471724390348028e-24 1.307603270304440095e-24 1.279730774115698908e-24 1.251854597387731519e-24 1.223975069425767071e-24 1.196092490140283548e-24 1.168207132659605312e-24 1.140319245763049498e-24 1.112491647355935392e-24 1.085001358448752281e-24 1.046732059398516181e-24 9.986698078039968480e-25 9.429031922167443668e-25 8.675615988929245357e-25
2.298702821716696834e-24 2.272060624779598421e-24 2.245309133386901929e-24 2.218457368324545813e-24 2.191513668037991337e-24 2.164485729830642584e-24 2.137380650395478686e-24 2.110204965311675397e-24 2.082964687224217127e-24 2.055665342498087583e-24 2.028312006200921407e-24 2.000909335319864566e-24 1.973461600161184392e-24 1.945972713915897581e-24 1.918446260402464695e-24 1.890885520019440031e-24 1.863293493957691163e-24 1.835672926734326634e-24 1.808026327119399606e-24 1.780355987532496593e-24 1.752664001989971417e-24 1.724952282685288988e-24 1.697222575285189622e-24 1.669476473023355336e-24 1.641715429671380774e-24 1.613940771464255962e-24 1.586153708054489786e-24 1.558355342565582726e-24 1.530546680811921111e-24 1.502728639748425931e-24 1.474902055209503106e-24 1.447067688993089657e-24 1.419226235341924746e-24 1.391378326870583397e-24 1.363524539983417566e-24 1.335665399825231971e-24 1.307801384803445933e-24 1.279932930717538000e-24 1.252060434528796813e-24 1.224184257800829608e-24 1.196304729838863690e-24 1.168422150553384575e-24 1.140536793072705238e-24 1.112648906174085880e-24 1.084818898206778663e-24 1.057313567355269463e-24 1.019429465058682713e-24 9.721199187326875050e-25 9.173900396870851264e-25 8.437600787299558143e-25
2.271010836174170924e-24 2.244368639237072878e-24 2.217617147844376018e-24 2.190765382782020270e-24 2.163821682495465426e-24 2.136793744288117776e-24 2.109688664852952776e-24 2.082512979769150589e-24 2.055272701681691217e-24 2.027973356955562407e-24 2.000620020658395496e-24 1.973217349777339023e-24 1.945769614618659216e-24 1.918280728373372773e-24 1.890754274859939520e-24 1.863193534476914488e-24 1.835601508415165987e-24 1.807980941191801091e-24 1.780334341576873696e-24 1.752664001989971417e-24 1.724972016447446241e-24 1.697260297142763445e-24 1.669530589742663712e-24 1.641784487480829242e-24 1.614023444128854864e-24 1.586248785921730419e-24 1.558461722511964427e-24 1.530663357023057367e-24 1.502854695269395384e-24 1.475036654205900571e-24 1.447210069666977746e-24 1.419375703450564481e-24 1.391534249799399387e-24 1.363686341328058588e-24 1.335832554440892574e-24 1.307973414282706244e-24 1.280109399260920574e-24 1.252240945175012641e-24 1.224368448986271270e-24 1.196492272258304432e-24 1.168612744296337413e-24 1.140730165010862338e-24 1.112844807530182450e-24 1.084956920629497344e-24 1.057124501217046459e-24 1.029604116654197354e-24 9.921055124430096057e-25 9.455492602118801968e-25 8.918569287262786427e-25 8.199399391117544454e-25
2.243299116869488862e-24 2.216656919932390817e-24 2.189905428539693957e-24 2.163053663477337841e-24 2.136109963190782630e-24 2.109082024983434979e-24 2.081976945548269979e-24 2.054801260464467793e-24 2.027560982377009155e-24 2.000261637650879978e-24 1.972908301353713067e-24 1.945505630472655859e-24 1.918057895313976053e-24 1.890569009068689609e-24 1.863042555555257458e-24 1.835481815172232059e-24 1.807889789110482823e-24 1.780269221887118295e-24 1.752622622272191267e-24 1.724952282685288988e-24 1.697260297142763445e-24 1.669548577838080649e-24 1.641818870437981650e-24 1.614072768176146813e-24 1.586311724824172251e-24 1.558537066617047256e-24 1.530750003207281630e-24 1.502951637718374754e-24 1.475142975964713139e-24 1.447324934901218143e-24 1.419498350362295317e-24 1.391663984145881868e-24 1.363822530494716774e-24 1.335974622023375792e-24 1.308120835136209962e-24 1.280261694978023815e-24 1.252397679956237778e-24 1.224529225870329845e-24 1.196656729681588841e-24 1.168780552953621636e-24 1.140901024991653514e-24 1.113018445706183032e-24 1.085133088225502225e-24 1.057245201322750086e-24 1.029410368746719626e-24 1.001874919745010864e-24 9.647620883314667113e-25 9.189596670049051522e-25 8.663056224526784431e-25 7.961028248721753486e-25
2.215569409469389129e-24 2.188927212532290716e-24 2.162175721139594591e-24 2.135323956077238107e-24 2.108380255790683999e-24 2.081352317583335246e-24 2.054247238148170981e-24 2.027071553064368427e-24 1.999831274976909422e-24 1.972531930250780612e-24 1.945178593953614069e-24 1.917775923072556860e-24 1.890328187913876687e-24 1.862839301668590243e-24 1.835312848155157725e-24 1.807752107772132693e-24 1.780160081710383825e-24 1.752539514487019296e-24 1.724892914872091901e-24 1.697222575285189622e-24 1.669530589742663712e-24 1.641818870437981650e-24 1.614089163037881917e-24 1.586343060776047080e-24 1.558582017424073069e-24 1.530807359216948441e-24 1.503020295807182264e-24 1.475221930318275572e-24 1.447413268564613773e-24 1.419595227501118226e-24 1.391768642962195768e-24 1.363934276745782502e-24 1.336092823094617224e-24 1.308244914623276243e-24 1.280391127736110412e-24 1.252531987577924449e-24 1.224667972556138228e-24 1.196799518470230479e-24 1.168927022281489292e-24 1.141050845553522086e-24 1.113171317591553414e-24 1.085288738306087155e-24 1.057403380825405247e-24 1.029514937327672992e-24 1.001678246614554513e-24 9.741277233954300726e-25 9.374009151904778075e-25 8.923528140915063110e-25 8.407377304403794358e-25 7.722502376018295025e-25
2.187823307207555211e-24 2.161181110270456798e-24 2.134429618877760305e-24 2.107577853815404189e-24 2.080634153528848978e-24 2.053606215321501328e-24 2.026501135886336328e-24 1.999325450802533774e-24 1.972085172715075136e-24 1.944785827988945959e-24 1.917432491691779783e-24 1.890029820810722207e-24 1.862582085652042401e-24 1.835093199406756325e-24 1.807566745893323072e-24 1.780006005510298407e-24 1.752413979448549172e-24 1.724793412225184643e-24 1.697146812610257615e-24 1.669476473023355336e-24 1.641784487480829242e-24 1.614072768176146813e-24 1.586343060776047080e-24 1.558596958514213529e-24 1.530835915162238783e-24 1.503061256955113972e-24 1.475274193545347979e-24 1.447475828056440919e-24 1.419667166302779487e-24 1.391849125239284307e-24 1.364022540700361115e-24 1.336188174483947849e-24 1.308346720832783306e-24 1.280498812361441957e-24 1.252645025474276310e-24 1.224785885316090164e-24 1.196921870294304310e-24 1.169053416208396193e-24 1.141180920019655006e-24 1.113304743291687800e-24 1.085425215329717842e-24 1.057542636044255808e-24 1.029656721893980566e-24 1.001768850069507340e-24 9.739297281929721421e-25 9.463640686081380831e-25 9.100235650792786637e-25 8.657302301908155800e-25 8.151547217141412769e-25 7.483835477711976094e-25
2.160062263855580464e-24 2.133420066918481684e-24 2.106668575525785559e-24 2.079816810463429443e-24 2.052873110176873865e-24 2.025845171969526214e-24 1.998740092534361949e-24 1.971564407450559028e-24 1.944324129363100390e-24 1.917024784636971213e-24 1.889671448339805037e-24 1.862268777458747829e-24 1.834821042300068022e-24 1.807332156054781211e-24 1.779805702541348326e-24 1.752244962158323661e-24 1.724652936096574426e-24 1.697032368873209897e-24 1.669385769258282869e-24 1.641715429671380774e-24 1.614023444128854864e-24 1.586311724824172251e-24 1.558582017424073069e-24 1.530835915162238783e-24 1.503074871810263853e-24 1.475300213603139225e-24 1.447513150193373416e-24 1.419714784704466357e-24 1.391906122950804925e-24 1.364088081887309745e-24 1.336261497348386552e-24 1.308427131131973103e-24 1.280585677480808376e-24 1.252737769009467394e-24 1.224883982122301564e-24 1.197024841964115601e-24 1.169160826942329196e-24 1.141292372856421631e-24 1.113419876667680444e-24 1.085543699939713238e-24 1.057664171977741994e-24 1.029781035955459737e-24 1.001895693555824847e-24 9.740078217292807299e-25 9.461662673801640416e-25 9.185855189557332619e-25 8.826314724485011676e-25 8.390933102070930446e-25 7.895600505367300211e-25 7.245040058880239082e-25
2.132287605648454918e-24 2.105645408711357607e-24 2.078893917318660380e-24 2.052042152256304631e-24 2.025098451969749421e-24 1.998070513762402137e-24 1.970965434327237137e-24 1.943789749243434216e-24 1.916549471155976313e-24 1.889250126429846401e-24 1.861896790132680225e-24 1.834494119251623017e-24 1.807046384092942843e-24 1.779557497847656400e-24 1.752031044334224249e-24 1.724470303951199584e-24 1.696878277889449981e-24 1.669257710666085453e-24 1.641611111051158057e-24 1.613940771464255962e-24 1.586248785921730419e-24 1.558537066617047256e-24 1.530807359216948441e-24 1.503061256955113972e-24 1.475300213603139225e-24 1.447525555396014781e-24 1.419738491986248788e-24 1.391940126497341729e-24 1.364131464743679929e-24 1.336313423680184750e-24 1.308486839141262108e-24 1.280652472924848475e-24 1.252811019273683748e-24 1.224963110802342399e-24 1.197109323915176752e-24 1.169250183756990606e-24 1.141386168735204385e-24 1.113517714649296635e-24 1.085645218460555448e-24 1.057769041732588243e-24 1.029888956975425400e-24 1.002006392769518057e-24 9.741210503698820648e-25 9.462331785412668739e-25 9.183891905266094365e-25 8.907933458625595729e-25 8.552259459071641813e-25 8.124412588086447314e-25 7.639506242742490098e-25 7.006127527553962875e-25
2.104500542238689660e-24 2.077858345301590880e-24 2.051106853908894755e-24 2.024255088846539006e-24 1.997311388559983795e-24 1.970283450352636145e-24 1.943178370917470777e-24 1.916002685833668223e-24 1.888762407746209953e-24 1.861463063020080776e-24 1.834109726722914232e-24 1.806707055841857392e-24 1.779259320683177585e-24 1.751770434437890407e-24 1.724243980924457889e-24 1.696683240541433224e-24 1.669091214479683989e-24 1.641470647256319093e-24 1.613824047641391881e-24 1.586153708054489786e-24 1.558461722511964427e-24 1.530750003207281630e-24 1.503020295807182264e-24 1.475274193545347979e-24 1.447513150193373416e-24 1.419738491986248788e-24 1.391951428576482796e-24 1.364153063087575552e-24 1.336344401333914120e-24 1.308526360270418940e-24 1.280699775731495932e-24 1.252865409515082483e-24 1.225023955863917756e-24 1.197176047392576774e-24 1.169322260505410576e-24 1.141463120347224429e-24 1.113599105325438759e-24 1.085730651239531010e-24 1.057858155050789823e-24 1.029981421477624570e-24 1.002101908593546714e-24 9.742193443876435957e-25 9.463340019880074194e-25 9.184461301573196850e-25 8.905997073901558314e-25 8.629887597439401844e-25 8.278081790312136908e-25 7.857794605225739636e-25 7.383297598828103846e-25 6.767108288942848321e-25
2.076702176749782968e-24 2.050059979812684555e-24 2.023308488419988062e-24 1.996456723357632314e-24 1.969513023071076368e-24 1.942485084863728718e-24 1.915380005428564085e-24 1.888204320344761531e-24 1.860964042257302893e-24 1.833664697531174084e-24 1.806311361234007173e-24 1.778908690352949965e-24 1.751460955194270158e-24 1.723972068948983715e-24 1.696445615435550829e-24 1.668884875052526164e-24 1.641292848990776745e-24 1.613672281767412584e-24 1.586025682152484638e-24 1.558355342565582726e-24 1.530663357023057367e-24 1.502951637718375305e-24 1.475221930318275572e-24 1.447475828056441103e-24 1.419714784704466357e-24 1.391940126497341729e-24 1.364153063087575552e-24 1.336354697598668860e-24 1.308546035845007428e-24 1.280727994781511881e-24 1.252901410242588872e-24 1.225067044026175607e-24 1.197225590375011247e-24 1.169377681903669347e-24 1.141523895016504067e-24 1.113664754858317921e-24 1.085800739836531700e-24 1.057932285750623950e-24 1.030059232674602570e-24 1.002183071022718490e-24 9.743035581386398986e-25 9.464209939327408214e-25 9.185356515331039104e-25 8.906477797003425305e-25 8.627989211903641878e-25 8.351728644190132983e-25 8.003792602833822466e-25 7.591068178464425330e-25 7.126984744896009745e-25 6.527991831913535509e-25
2.048893514996120985e-24 2.022251318059022205e-24 1.995499826666326447e-24 1.968648061603970330e-24 1.941704361317415487e-24 1.914676423110067469e-24 1.887571343674902469e-24 1.860395658591099181e-24 1.833155380503642012e-24 1.805856035777511733e-24 1.778502699480345557e-24 1.751100028599288716e-24 1.723652293440608910e-24 1.696163407195322099e-24 1.668636953681889580e-24 1.641076213298864916e-24 1.613484187237115497e-24 1.585863620013750968e-24 1.558217020398823389e-24 1.530546680811921111e-24 1.502854695269395384e-24 1.475142975964713139e-24 1.447413268564613773e-24 1.419667166302779487e-24 1.391906122950804925e-24 1.364131464743679929e-24 1.336344401333914120e-24 1.308546035845007428e-24 1.280737374091345445e-24 1.252919333027850449e-24 1.225092748488927256e-24 1.197258382272513991e-24 1.169416928621349080e-24 1.141569020150008098e-24 1.113715233262842084e-24 1.085856093104655754e-24 1.057992078082870268e-24 1.030123067075158974e-24 1.002250585960510103e-24 9.743744243086262067e-25 9.464949114245463298e-25 9.186123472186520280e-25 8.907270048190140150e-25 8.628391329841788059e-25 8.349878378292085700e-25 8.073466663364375650e-25 7.729401821105482111e-25 7.324242958631689369e-25 6.870576954986284217e-25 6.288786808297468174e-25
2.021075473932626172e-24 1.994433276995527392e-24 1.967681785602831267e-24 1.940830020540475151e-24 1.913886320253919573e-24 1.886858382046572290e-24 1.859753302611406922e-24 1.832577617527604368e-24 1.805337339440146465e-24 1.778037994714016186e-24 1.750684658416850745e-24 1.723281987535793536e-24 1.695834252377113730e-24 1.668345366131826552e-24 1.640818912618394217e-24 1.613258172235369369e-24 1.585666146173619950e-24 1.558045578950256156e-24 1.530398979335328577e-24 1.502728639748425931e-24 1.475036654205900571e-24 1.447324934901218143e-24 1.419595227501118593e-24 1.391849125239284307e-24 1.364088081887309745e-24 1.336313423680184750e-24 1.308526360270418940e-24 1.280727994781511881e-24 1.252919333027850449e-24 1.225101291964355269e-24 1.197274707425432077e-24 1.169440341209018995e-24 1.141598887557853900e-24 1.113750979086512919e-24 1.085897192199347088e-24 1.058038052041160942e-24 1.030173480070307421e-24 1.002305041056305568e-24 9.744325599416572486e-25 9.465563982897728014e-25 9.186768854056921899e-25 8.907943211998022962e-25 8.629089788001635485e-25 8.350211069632534082e-25 8.071673743414588218e-25 7.795110830293725967e-25 7.454918492810896952e-25 7.057327743946620625e-25 6.614082683816635589e-25 6.049501105573209999e-25
1.993248889393702613e-24 1.966606692456604567e-24 1.939855201063908809e-24 1.913003436001552326e-24 1.886059735714997115e-24 1.859031797507649097e-24 1.831926718072484097e-24 1.804751032988681543e-24 1.777510754901223640e-24 1.750211410175093728e-24 1.722858073877927552e-24 1.695455402996869977e-24 1.668007667838190905e-24 1.640518781592903727e-24 1.612992328079470841e-24 1.585431587696446176e-24 1.557839561634697492e-24 1.530218994411332596e-24 1.502572394796405201e-24 1.474902055209503106e-24 1.447210069666977746e-24 1.419498350362295317e-24 1.391768642962195768e-24 1.364022540700361482e-24 1.336261497348386920e-24 1.308486839141262108e-24 1.280699775731495932e-24 1.252901410242588872e-24 1.225092748488927256e-24 1.197274707425432077e-24 1.169448122886509435e-24 1.141613756670095802e-24 1.113772303018930892e-24 1.085924394547590094e-24 1.058070607660424263e-24 1.030210910532926784e-24 1.002346910580646615e-24 9.744784715666454965e-25 9.466059904519968092e-25 9.187298288001129131e-25 8.908503159160306485e-25 8.629677517101451629e-25 8.350824093105056805e-25 8.071945374715201498e-25 7.793383666343069210e-25 7.516669508593067037e-25 7.180350865209782373e-25 6.790330554273707870e-25 6.357509638138816029e-25 5.810141913435489583e-25
1.965414523177289531e-24 1.938772326240191485e-24 1.912020834847494625e-24 1.885169069785138876e-24 1.858225369498584033e-24 1.831197431291236015e-24 1.804092351856071383e-24 1.776916666772268094e-24 1.749676388684809824e-24 1.722377043958680279e-24 1.695023707661514103e-24 1.667621036780456895e-24 1.640173301621777456e-24 1.612684415376490461e-24 1.585157961863058126e-24 1.557597221480033095e-24 1.530005195418283675e-24 1.502384628194919514e-24 1.474738028579991568e-24 1.447067688993089657e-24 1.419375703450564481e-24 1.391663984145881868e-24 1.363934276745782502e-24 1.336188174483947849e-24 1.308427131131973103e-24 1.280652472924848475e-24 1.252865409515082666e-24 1.225067044026175607e-24 1.197258382272513991e-24 1.169440341209018995e-24 1.141613756670095802e-24 1.113779390453682537e-24 1.085937936802517626e-24 1.058090028331176461e-24 1.030235684461301234e-24 1.002376559369984358e-24 9.745125594177043717e-25 9.466441204037030700e-25 9.187716392890543827e-25 8.908954776371703029e-25 8.630159647530874873e-25 8.351334005472060424e-25 8.072480581475657335e-25 7.793601863065042615e-25 7.515015765720276268e-25 7.238150321045727036e-25 6.905706455036797280e-25 6.523258699094581041e-25 6.100864842056575947e-25 5.570715784730869663e-25
