1.291645440573432684e+09 1.362760788496156454e+09 1.440731126559031248e+09 1.525938007198745728e+09 1.618707853966279984e+09 1.719276483778734684e+09 1.827770607201464891e+09 1.944157987991984129e+09 2.068221589958340168e+09 2.199487377204630375e+09 2.337194752753605366e+09 2.480193475568596363e+09 2.626933038950535297e+09 2.775372898347970486e+09 2.922961267526485443e+09 3.066437961154358387e+09 3.201917824788228512e+09 3.324701755627312660e+09 3.429500277359216690e+09 3.510266821585072994e+09 3.560686246744934559e+09 3.574100758832432747e+09 3.544677617153226852e+09 3.468037837855778217e+09 3.342772708751617908e+09 3.171795847944853783e+09 2.963305698162933826e+09 2.732679489282896042e+09 2.498071228921313763e+09 2.281320991065985680e+09 2.097319296080103397e+09 1.952207604988722324e+09 1.835219049685885191e+09 1.719107659613229752e+09 1.573585597551417589e+09 1.392729539581729650e+09 1.212272106804065228e+09 1.079262948285920620e+09 9.969122906853485107e+08 9.162279761927645206e+08 8.110433302029775381e+08 7.245574577730339766e+08 6.668648195296119452e+08 6.020581453122986555e+08 5.462598557326227427e+08 4.998338435584526658e+08 4.556078676131846905e+08 4.172041880788568258e+08 3.815590153132162690e+08 3.480777963472173810e+08 3.160267637835407257e+08 2.849247426755883098e+08 2.548450252037245035e+08 2.259911347367285192e+08 1.984816727638790607e+08 1.724259812399083972e+08 1.480122852809799016e+08 1.254447782467515916e+08 1.048893923751332760e+08 8.646429963365775347e+07 7.023067454423277080e+07 5.618568167338711768e+07 4.425766953487267345e+07 3.431835917351593822e+07 2.620050326359792426e+07 1.970528133850236237e+07 1.461241973262079991e+07 1.069611083246512525e+07 7.738594284052044153e+06 5.541217944810320623e+06 3.932732717322841287e+06 2.771995478375235572e+06 1.945387543182292022e+06 1.362743665958788944e+06 9.544737541395239532e+05 6.690780494989976287e+05 4.697861493260528659e+05 3.306897685474592145e+05 2.335404837298358616e+05 1.655309106768358906e+05 1.177016026471358055e+05 8.386140447445497557e+04 5.984165599404494424e+04 4.280923453723912098e+04 3.073898238285662592e+04 2.216045012868816775e+04 1.602359274520276267e+04 1.160039850210206532e+04 8.405615888577749502e+03 6.104084538203077500e+03 4.442532351111372009e+03 3.232712587397806601e+03 2.347598933533442050e+03 1.703591373552538698e+03 1.239557092725013717e+03 9.050410385038491086e+02 6.605093589412092570e+02 4.797403826098528725e+02 3.470252591044483097e+02 2.514259136520165612e+02
1.362760788496156454e+09 1.433875570726806402e+09 1.511845241766621828e+09 1.597051333138756752e+09 1.689820242627829552e+09 1.790387755344793797e+09 1.898880542401370049e+09 2.015266318542079210e+09 2.139327986443432570e+09 2.270591433878585815e+09 2.408295968203080177e+09 2.551291228418498039e+09 2.698026556876179218e+09 2.846461219054845333e+09 2.994043189097530365e+09 3.137511979706430912e+09 3.272982054846662045e+09 3.395753829984540462e+09 3.500537219334434986e+09 3.581284884429869652e+09 3.631680709016582012e+09 3.645065667347581387e+09 3.615605460047948837e+09 3.538919135046243191e+09 3.413595495333620548e+09 3.242545028804471016e+09 3.033962248230288029e+09 2.803219464499996185e+09 2.568464577943900585e+09 2.351530109108289242e+09 2.167297328793650627e+09 2.021896439400020599e+09 1.904547008620863438e+09 1.787986887782865286e+09 1.641909151309198856e+09 1.460368296894475222e+09 1.279071837545961618e+09 1.145042213862717390e+09 1.061461976712556124e+09 9.793132149137703180e+08 8.724085897469772100e+08 7.839359639822723866e+08 7.239933191938225031e+08 6.566956950788372755e+08 5.982069436496343613e+08 5.489465339495705366e+08 5.017992714542205334e+08 4.604285138103440404e+08 4.217827534750047922e+08 3.852549964184584618e+08 3.500997798944382071e+08 3.158542877340465784e+08 2.826427452756980658e+08 2.507234872951293886e+08 2.202521300181153715e+08 1.913666001968505979e+08 1.642867526231097281e+08 1.392462798642942905e+08 1.164337396680344045e+08 9.598291907358090580e+07 7.796322382320404053e+07 6.237232980515554547e+07 4.913112987990973890e+07 3.809743830428384990e+07 2.908569615016619489e+07 2.187523747808550298e+07 1.622155342663778551e+07 1.187397934069986083e+07 8.590778590311840177e+06 6.151424714356610551e+06 4.365811035569139756e+06 3.077251800796396565e+06 2.159616589036881458e+06 1.512811086730728392e+06 1.059581865435258951e+06 7.427579452274377691e+05 5.215197124384116032e+05 3.671058227613735362e+05 2.592583088347499433e+05 1.837594177171106858e+05 1.306630745125990943e+05 9.309634382279742567e+04 6.643150533774131327e+04 4.752344846207129740e+04 3.412400234901360091e+04 2.460078966345610024e+04 1.778813285844278653e+04 1.287785033064775598e+04 9.331253808902974924e+03 6.776274601398721643e+03 4.931750006074175872e+03 3.588703278666205279e+03 2.606119732045116962e+03 1.891193174729496604e+03 1.376058785034531638e+03 1.004705363669033886e+03 7.332455383628596337e+02 5.325700516771511275e+02 3.852401598893858932e+02 2.791132777541044447e+02
1.440731126559031248e+09 1.511845241766621828e+09 1.589814130173240662e+09 1.675019300121430874e+09 1.767787120930881500e+09 1.868353342685256481e+09 1.976844593156143904e+09 2.093228533371724367e+09 2.217287999127113819e+09 2.348548794818698406e+09 2.486250123413724899e+09 2.629241493145567417e+09 2.775972081885972500e+09 2.924400948175095558e+09 3.071975805114979267e+09 3.215435836480023861e+09 3.350895090417953968e+09 3.473653457318778515e+09 3.578420186654845715e+09 3.659147099640278339e+09 3.709517015525082111e+09 3.722869562465271473e+09 3.693368735986960411e+09 3.616631428940854549e+09 3.491243720880748749e+09 3.320112665810150623e+09 3.111428462287153721e+09 2.880558017891039848e+09 2.645642524971219063e+09 2.428506208121312618e+09 2.244020187147822857e+09 2.098302316485884428e+09 1.980557299119520426e+09 1.863505266514906883e+09 1.716818384313239574e+09 1.534526837468167067e+09 1.352310586960892677e+09 1.217162211375469685e+09 1.132233915846238375e+09 1.048479584764621854e+09 9.396892397059899569e+08 8.490383894121778011e+08 7.866288693386255503e+08 7.166002022724323273e+08 6.551616553628560305e+08 6.027936314522331953e+08 5.524434868482662439e+08 5.078196368585832119e+08 4.658840425404492617e+08 4.260160700985656381e+08 3.874574341531969309e+08 3.497654468399515748e+08 3.131201763970248103e+08 2.778400531131268144e+08 2.441212765516842008e+08 2.121331138964399397e+08 1.821300986883063018e+08 1.543782665148002803e+08 1.290909818428131044e+08 1.064191521889363080e+08 8.644120812863674760e+07 6.915538630372191966e+07 5.447440533979108930e+07 4.224083220425153524e+07 3.224903122186466306e+07 2.425438516326884180e+07 1.798581376151167229e+07 1.316539913550579175e+07 9.525117076713399962e+06 6.820458109198443592e+06 4.840640077203833498e+06 3.411936255407702178e+06 2.394498325496131554e+06 1.677345717342198361e+06 1.174822895567642758e+06 8.235409296691600466e+05 5.782406326358980732e+05 4.070325527906023781e+05 2.874554494546286296e+05 2.037452347267484292e+05 1.448740898709448811e+05 1.032215721125658165e+05 7.365664505642610311e+04 5.269213302062691946e+04 3.783535265509682358e+04 2.727638815901822818e+04 1.972278196726435272e+04 1.427845380508265043e+04 1.034612703487922226e+04 7.513266521910530173e+03 5.468130221507869464e+03 3.979012920704523822e+03 2.889562996329690577e+03 2.096880556885309034e+03 1.525719789687849243e+03 1.113977726723204796e+03 8.129937787439309886e+02 5.904927190234940326e+02 4.271391362478016731e+02 3.094698171078439373e+02
1.525938007198745728e+09 1.597051333138756752e+09 1.675019300121430874e+09 1.760223390833492041e+09 1.852989943210806131e+09 1.953554668858666658e+09 2.062044148078476906e+09 2.178425983223865509e+09 2.302482937185265541e+09 2.433740723646121502e+09 2.571438432142245293e+09 2.714425428977946758e+09 2.861150713595351696e+09 3.009573120121154785e+09 3.157140078553975105e+09 3.300590415978289127e+09 3.436037729428068161e+09 3.558781339470364571e+09 3.663529773626384258e+09 3.744233939926963329e+09 3.794575499681898594e+09 3.807892615656738281e+09 3.778347424959993839e+09 3.701554469041378021e+09 3.576096852413934708e+09 3.404877873970244408e+09 3.196083010636258602e+09 2.965073252086301804e+09 2.729982444646370411e+09 2.512625728416201115e+09 2.327863117394254684e+09 2.181798966745559216e+09 2.063621744133221626e+09 1.946032239384908676e+09 1.798679793995319843e+09 1.615568028163851738e+09 1.432346763151911259e+09 1.295975904218309402e+09 1.209574491490663052e+09 1.124065627686329365e+09 1.013214614420413733e+09 9.201834236025439501e+08 8.550780938950978518e+08 7.820649327513307333e+08 7.174028246516779661e+08 6.616387620708665848e+08 6.077884644378765821e+08 5.596095849651935101e+08 5.140788067574702501e+08 4.705605910288569331e+08 4.282826397268399000e+08 3.868242612014062405e+08 3.464265496222087145e+08 3.074736092591114044e+08 2.702059904915115237e+08 2.348272100392097533e+08 2.016296990422135592e+08 1.709148383193660975e+08 1.429231017780707479e+08 1.178241066977461576e+08 9.570614634759305418e+07 7.656807036583498120e+07 6.031366460952984542e+07 4.676883365570494533e+07 3.570600168171853572e+07 2.685437712146988511e+07 1.991384202275202423e+07 1.457669567189355567e+07 1.054618627322507277e+07 7.551595206648210064e+06 5.359545692997979000e+06 3.777688239478027914e+06 2.651183288402244449e+06 1.857153509292687289e+06 1.300761337436166592e+06 9.118227068101444747e+05 6.402267483720773598e+05 4.506655324830386089e+05 3.182700233846213087e+05 2.255862574817486457e+05 1.604042576991856331e+05 1.142866850265651155e+05 8.155246543507110619e+04 5.834060541171415389e+04 4.189121208249821211e+04 3.020035104133226923e+04 2.183701619900941660e+04 1.580906922988147744e+04 1.145520651242587701e+04 8.318670141370221245e+03 6.054300221859877638e+03 4.405553279017770365e+03 3.199317056903201319e+03 2.321660994044913878e+03 1.689273154366823292e+03 1.233393347615634639e+03 9.001446915562599997e+02 6.537920957300143527e+02 4.729274142450063891e+02 3.426442206326317432e+02
1.618707853966279984e+09 1.689820242627829552e+09 1.767787120930881500e+09 1.852989943210806131e+09 1.945755012876128197e+09 2.046317999379840612e+09 2.154805431200743198e+09 2.271184846845218658e+09 2.395238930065859318e+09 2.526493296301095486e+09 2.664186912420919418e+09 2.807168991463904858e+09 2.953888340304960728e+09 3.102303550975419044e+09 3.249861748039744377e+09 3.393301373806735039e+09 3.528735538414708614e+09 3.651462947181019306e+09 3.756191347392388344e+09 3.836870659467311859e+09 3.887181290913092136e+09 3.900459816323983669e+09 3.870866355813487530e+09 3.794012895492116928e+09 3.668479302271241665e+09 3.497164783380368710e+09 3.288249665965978146e+09 3.057088479593459129e+09 2.821807052554629326e+09 2.604210610111778259e+09 2.419147058318641186e+09 2.272706048067828655e+09 2.154058382292581558e+09 2.035883821921883345e+09 1.887806891010250330e+09 1.703802292919918299e+09 1.519486994526166916e+09 1.381785276294596910e+09 1.293780065947726011e+09 1.206361004596835852e+09 1.093266506827384710e+09 9.976437593757688999e+08 9.296033663465840816e+08 8.533408350282552242e+08 7.851690546185312271e+08 7.257075183155584335e+08 6.680463854532525539e+08 6.159969154672460556e+08 5.665518247167128325e+08 5.190593474048171639e+08 4.727319290638888478e+08 4.271728262554022670e+08 3.826895759071035981e+08 3.397377867033745646e+08 2.986062975983917117e+08 2.595359152950071990e+08 2.228603326601270437e+08 1.889194135284882188e+08 1.579831479821391106e+08 1.302415241594575047e+08 1.057935737815297842e+08 8.463881416950710118e+07 6.667130572223161161e+07 5.169881171629962325e+07 3.946986872198115289e+07 2.968518749013807625e+07 2.201303480968914926e+07 1.611328335753908940e+07 1.165790360189964995e+07 8.347641149879954755e+06 5.924518802760602906e+06 4.175911079438289627e+06 2.930656341296422295e+06 2.052924361155132996e+06 1.437880399641647702e+06 1.007942000767671037e+06 7.077158899440966779e+05 4.981721729604619904e+05 3.518202589655817137e+05 2.493662841092583258e+05 1.773131626490149356e+05 1.263341359505268192e+05 9.014926013232795231e+04 6.449053678443389072e+04 4.630714133695805504e+04 3.338389627358785947e+04 2.413894689740655667e+04 1.747556886131454667e+04 1.266274724615621017e+04 9.195575385144293250e+03 6.692508836294529829e+03 4.869960772492496289e+03 3.536570288984743456e+03 2.566396857399409328e+03 1.867346346136548391e+03 1.363410357677512138e+03 9.950326287817654247e+02 7.227110315266355656e+02 5.227806627042842820e+02 3.787637621371264345e+02
1.719276483778734684e+09 1.790387755344793797e+09 1.868353342685256481e+09 1.953554668858666658e+09 2.046317999379840612e+09 2.146878957670840740e+09 2.255364015851272106e+09 2.371740643258634090e+09 2.495791438163183212e+09 2.627041910172715187e+09 2.764730894259977818e+09 2.907707438947603226e+09 3.054420144557868004e+09 3.202827343573977947e+09 3.350375833075210571e+09 3.493803642880086422e+09 3.629223360819541454e+09 3.751933031915039062e+09 3.856639565140595436e+09 3.937291818864200115e+09 3.987568850352723598e+09 4.000805521962651253e+09 3.971159775515603065e+09 3.894240833151872158e+09 3.768625053959812164e+09 3.597207205329099178e+09 3.388162019973917007e+09 3.156837002338559151e+09 2.921349262752285480e+09 2.703493247038441658e+09 2.518103714213305473e+09 2.371254365955295086e+09 2.252096870556784630e+09 2.133288230477855206e+09 1.984426108264397621e+09 1.799453867053109884e+09 1.613952806264486313e+09 1.474808520157387495e+09 1.385064783468245268e+09 1.295575030423675060e+09 1.180048563360383511e+09 1.081616480209325552e+09 1.010394320210531116e+09 9.306092940690060854e+08 8.586328140193811655e+08 7.951629695600144863e+08 7.333706293044445515e+08 6.771251628014632463e+08 6.234366734189535379e+08 5.716358054917832613e+08 5.209184655700258613e+08 4.709138710289508700e+08 4.220015872620146275e+08 3.747147400537379980e+08 3.293945179422820210e+08 2.863221530242277980e+08 2.458760690252118409e+08 2.084378486248830855e+08 1.743094800547619760e+08 1.437030353709013760e+08 1.167291879561872780e+08 9.338817932960422337e+07 7.356352711521804333e+07 5.704332829623916745e+07 4.355022365034845471e+07 3.275403042844222113e+07 2.428874215683167800e+07 1.777907860372594744e+07 1.286310273229557462e+07 9.210625088206697255e+06 6.536999601106964983e+06 4.607619929922266863e+06 3.233629931700102985e+06 2.265157344787353184e+06 1.586529634450802580e+06 1.112143843290220480e+06 7.808801020856692921e+05 5.496735773984373081e+05 3.881916804159997264e+05 2.751459321135570062e+05 1.956439065082895395e+05 1.393946343012483267e+05 9.946894251468870789e+04 7.115760316732326464e+04 5.109439629224765667e+04 3.683513832347931748e+04 2.663444133920246531e+04 1.928220034273758210e+04 1.397182704506251321e+04 1.014621730133117126e+04 7.384382714034774835e+03 5.373419078688827540e+03 3.902182288969323054e+03 2.831711931220445877e+03 2.060393230485182357e+03 1.504360135008402040e+03 1.097899437349419486e+03 7.974251893076740316e+02 5.768259504757684226e+02 4.179205033915810077e+02
1.827770607201464891e+09 1.898880542401370049e+09 1.976844593156143904e+09 2.062044148078476906e+09 2.154805431200743198e+09 2.255364015851272106e+09 2.363846313115101814e+09 2.480219717769346237e+09 2.604266736265889168e+09 2.735512764916628838e+09 2.873196497806533813e+09 3.016166808100376606e+09 3.162872076151954651e+09 3.311270358208621502e+09 3.458808102766487598e+09 3.602222900664228916e+09 3.737626783434708595e+09 3.860317092439859867e+09 3.964999842036605358e+09 4.045622756000440121e+09 4.095863446595817566e+09 4.109054941276021004e+09 4.079352842642946720e+09 4.002363399084776402e+09 3.876659187962915421e+09 3.705130181474965572e+09 3.495945061786733150e+09 3.264443726100869656e+09 3.028733846128636837e+09 2.810598198365130424e+09 2.624857331145698071e+09 2.477567728587960243e+09 2.357860436018167496e+09 2.238367953597279549e+09 2.088659020367507696e+09 1.902643199218934298e+09 1.715863244861706495e+09 1.575162930121714354e+09 1.483543785044722080e+09 1.391820271559356213e+09 1.273670331029380322e+09 1.172207625764172554e+09 1.097553000665900707e+09 1.013967931701750994e+09 9.378869379712661505e+08 8.700929001123448610e+08 8.038437714447302818e+08 7.430716078703322411e+08 6.848052777820563316e+08 6.283564511807239056e+08 5.729031921532418728e+08 5.181027238010092378e+08 4.644123163948181868e+08 4.124487238206765652e+08 3.626096118405686021e+08 3.152198245153421760e+08 2.707060420698338747e+08 2.294948547153128684e+08 1.919227714064463973e+08 1.582256892434990704e+08 1.285268413591085672e+08 1.028272510770924985e+08 8.099906277965341508e+07 6.280915743591219932e+07 4.795223921264587343e+07 3.606479708577143401e+07 2.674385005130980164e+07 1.957619425538046286e+07 1.416331251727635600e+07 1.014164189330407791e+07 7.197765225181529298e+06 5.073362598880386911e+06 3.560488527215866838e+06 2.494121783058354631e+06 1.746897676348620094e+06 1.224560463598724687e+06 8.598122257607207866e+05 6.052350955942044966e+05 4.274304371376845520e+05 3.029579101564174634e+05 2.154197461194318603e+05 1.534847500475496345e+05 1.095233362763086479e+05 7.835026259714399930e+04 5.625904989155311341e+04 4.055845510689661751e+04 2.932666498314361888e+04 2.123125531090622098e+04 1.538410639357956643e+04 1.117180167867349701e+04 8.130799408602560106e+03 5.916566781039125090e+03 4.296616808786166985e+03 3.117942744932034202e+03 2.268658659021811218e+03 1.656421448432830630e+03 1.208875589389219158e+03 8.780293401272300571e+02 6.351318328956767800e+02 4.601641114245093149e+02
1.944157987991984129e+09 2.015266318542079210e+09 2.093228533371724367e+09 2.178425983223865509e+09 2.271184846845218658e+09 2.371740643258634090e+09 2.480219717769346237e+09 2.596589385247183323e+09 2.720632054167800903e+09 2.851873000445106030e+09 2.989550768856283188e+09 3.132514047217936039e+09 3.279210983642597198e+09 3.427599342954434395e+09 3.575125205845672131e+09 3.718525700081972599e+09 3.853912269773009777e+09 3.976581512732334614e+09 4.081238496336793423e+09 4.161829741765302181e+09 4.212031326333045483e+09 4.225174325091660023e+09 4.195411845235191345e+09 4.118346955529744625e+09 3.992548179787540913e+09 3.820900339033846378e+09 3.611565604835911274e+09 3.379875676572655201e+09 3.143928056835370541e+09 2.925492951168363571e+09 2.739375627436199188e+09 2.591614084669962883e+09 2.471317270431158066e+09 2.351091464756510258e+09 2.200474450459419250e+09 2.013339543911953449e+09 1.825188064324910402e+09 1.682818807734318495e+09 1.589187978011213064e+09 1.495068344043400049e+09 1.374104263914320230e+09 1.269390592900025368e+09 1.191053843495546103e+09 1.103392332355593920e+09 1.022908239808648705e+09 9.504754075689982176e+08 8.794452288899964094e+08 8.138170025541163683e+08 7.506397375280808210e+08 6.892047513942459822e+08 6.286709674755020142e+08 5.687256506131949425e+08 5.099094291795951128e+08 4.529287721750120521e+08 3.982419343469005227e+08 3.462205456273453236e+08 2.973430542342092991e+08 2.520843336155300736e+08 2.108179261446111500e+08 1.738052883408730924e+08 1.411831277278675139e+08 1.129533070548807830e+08 8.897577055839674175e+07 6.899463985149274766e+07 5.267464997372912616e+07 3.961653670942941308e+07 2.937765414075688273e+07 2.150411518693424389e+07 1.555816055823011696e+07 1.114042509401281923e+07 7.906626663419373333e+06 5.573005916590290144e+06 3.911138690573752392e+06 2.739752227732350118e+06 1.918938683849771041e+06 1.345159724547024583e+06 9.444896929647324141e+05 6.648408383074284066e+05 4.695253050095112994e+05 3.327942606630701339e+05 2.366350220948458882e+05 1.686004504652864998e+05 1.203095633845412667e+05 8.606645573919422168e+04 6.179962301481641771e+04 4.455278000631597388e+04 3.221484646907781280e+04 2.332217530610358881e+04 1.689918059405039094e+04 1.227203457449966299e+04 8.931544968580999921e+03 6.499248207722376719e+03 4.719760815659806212e+03 3.425007269425502272e+03 2.492082930083864994e+03 1.819550700589248663e+03 1.327929273229714681e+03 9.645003876088354673e+02 6.976816052458556214e+02 5.054824799606624310e+02
2.068221589958340168e+09 2.139327986443432570e+09 2.217287999127113819e+09 2.302482937185265541e+09 2.395238930065859318e+09 2.495791438163183212e+09 2.604266736265889168e+09 2.720632054167800903e+09 2.844669696589055061e+09 2.975904812595657349e+09 3.113575790201584339e+09 3.256531123268223763e+09 3.403218717225863934e+09 3.551596032672363281e+09 3.699108766263164997e+09 3.842493562402215958e+09 3.977861251250864506e+09 4.100507652810436726e+09 4.205136841651026249e+09 4.285694076045625210e+09 4.335853816968137741e+09 4.348945079208881378e+09 4.319118328269214630e+09 4.241973257284663677e+09 4.116074073498794079e+09 3.944300097727296829e+09 3.734806535592442036e+09 3.502916299441843987e+09 3.266715994792140484e+09 3.047962358332366943e+09 2.861444322708341122e+09 2.713180163239895344e+09 2.592255305739934921e+09 2.471248165497043133e+09 2.319663620937301159e+09 2.131336368050002098e+09 1.941723444598506212e+09 1.797575556104651690e+09 1.701800580276396990e+09 1.605126992902005196e+09 1.481163431278855324e+09 1.372984568641431570e+09 1.290722927296131372e+09 1.198716202108443975e+09 1.113538648887016773e+09 1.036161071096317172e+09 9.600344902847343683e+08 8.892298778860677481e+08 8.208177255262725353e+08 7.540676592350628376e+08 6.881181987729715109e+08 6.226886298939632177e+08 5.584084366754219532e+08 4.960797240819458961e+08 4.362253358299192190e+08 3.792667747689952254e+08 3.257376723115282059e+08 2.761643713289532661e+08 2.309598917557950914e+08 1.904129366819357872e+08 1.546745779214315116e+08 1.237475740392529219e+08 9.747886522676657140e+07 7.558831294738091528e+07 5.770870649364259839e+07 4.340267016430348158e+07 3.218527657569134235e+07 2.355927147506897897e+07 1.704506442132007331e+07 1.220512578709086962e+07 8.662271852346507832e+06 6.105625146674962714e+06 4.284931469994667917e+06 3.001594094298828859e+06 2.102334261709448881e+06 1.473718430189652368e+06 1.034755784643175779e+06 7.283804841660986422e+05 5.143983688517579576e+05 3.645997554991194047e+05 2.592504627095203032e+05 1.847137541594054492e+05 1.318076564313205599e+05 9.429189778321757331e+04 6.770585794601279486e+04 4.881071761067983607e+04 3.529363822429792344e+04 2.555108887593721738e+04 1.851424435011724563e+04 1.344487873358120669e+04 9.785136658274706861e+03 7.120384431526687877e+03 5.170830813389748982e+03 3.752336936327504645e+03 2.730252323861068362e+03 1.993445811459164361e+03 1.454840035678909544e+03 1.056678224583039537e+03 7.643594553870535719e+02 5.537916964748612827e+02
2.199487377204630375e+09 2.270591433878585815e+09 2.348548794818698406e+09 2.433740723646121502e+09 2.526493296301095486e+09 2.627041910172715187e+09 2.735512764916628838e+09 2.851873000445106030e+09 2.975904812595657349e+09 3.107133218179578304e+09 3.244796442487113476e+09 3.387742778913273335e+09 3.534419882518657684e+09 3.682784900437551022e+09 3.830283133528718472e+09 3.973650728232429028e+09 4.108997881158253193e+09 4.231619608737420559e+09 4.336218956928719521e+09 4.416739872734081268e+09 4.466855133002784729e+09 4.479891600108281136e+09 4.449996968522224426e+09 4.372767377773864746e+09 4.246762473638962269e+09 4.074855745226133823e+09 3.865194993774483204e+09 3.633093770805082798e+09 3.396627077012175083e+09 3.177537308039975643e+09 2.990596051423148155e+09 2.841800688241425037e+09 2.720211800999023914e+09 2.598378433822376728e+09 2.445770773365955353e+09 2.256182675231299400e+09 2.065024176647785187e+09 1.918994907496531248e+09 1.820951600046873093e+09 1.721576062215859890e+09 1.594439238428576708e+09 1.482594271472228289e+09 1.396180000744834900e+09 1.299575926549954414e+09 1.209432500793335438e+09 1.126823119328690767e+09 1.045304249337554455e+09 9.690226890936417580e+08 8.950716782985475063e+08 8.226978965147463083e+08 7.510182748172862530e+08 6.797859755398570299e+08 6.097244962824882269e+08 5.417371349104291201e+08 4.764150789191517234e+08 4.142326010640829206e+08 3.557817206185075641e+08 3.016432400923154950e+08 2.522719509602053463e+08 2.079853865171911120e+08 1.689498184015727043e+08 1.351689544172739089e+08 1.064759768467267156e+08 8.256507905787728727e+07 6.303525006034922600e+07 4.740878993900710344e+07 3.515603467603965849e+07 2.573384432889739051e+07 1.861836776238996163e+07 1.333169407868014835e+07 9.461826682271715254e+06 6.669194565676894039e+06 4.680445249981857836e+06 3.278651549437358975e+06 2.296386920266791247e+06 1.609747641396483174e+06 1.130267191489740508e+06 7.956123665569802979e+05 5.618789532924344530e+05 3.982534182041442255e+05 2.831800450864350423e+05 2.017633697441247641e+05 1.439738785592193017e+05 1.029952996346100263e+05 7.395528692511392001e+04 5.331606987368874979e+04 3.855132768644214957e+04 2.790951657352763505e+04 2.022315340784154978e+04 1.468587215436710540e+04 1.068832701040294887e+04 7.777612383698717167e+03 5.648110768272066707e+03 4.098686457085820621e+03 2.982260722295074174e+03 2.177445182003170430e+03 1.589125045228265662e+03 1.154212177586327243e+03 8.349117240429386584e+02 6.049079742153375037e+02
2.337194752753605366e+09 2.408295968203080177e+09 2.486250123413724899e+09 2.571438432142245293e+09 2.664186912420919418e+09 2.764730894259977818e+09 2.873196497806533813e+09 2.989550768856283188e+09 3.113575790201584339e+09 3.244796442487113476e+09 3.382450784430683136e+09 3.525386905378942490e+09 3.672052206168757439e+09 3.820403516185615540e+09 3.967885734946475029e+09 4.111234504221136093e+09 4.246559377104971409e+09 4.369154552577608109e+09 4.473722026268553734e+09 4.554204402429388046e+09 4.604272725457416534e+09 4.617251635844191551e+09 4.587285952694483757e+09 4.509968111245109558e+09 4.383852979459527969e+09 4.211807912502460003e+09 4.001972899030173302e+09 3.769651586489495754e+09 3.532906702291981220e+09 3.313465478356146812e+09 3.126081224812074661e+09 2.976729369564074993e+09 2.854444490576648712e+09 2.731744966004204750e+09 2.578064750095284462e+09 2.387154882921273232e+09 2.194375899206496716e+09 2.046373592062090874e+09 1.945951020245580196e+09 1.843741292581141949e+09 1.713275944659640074e+09 1.597585299235475540e+09 1.506814767807745934e+09 1.405387893458699703e+09 1.310034979458347321e+09 1.221937050793335438e+09 1.134761239232247591e+09 1.052733882520011663e+09 9.729721091851037741e+08 8.946985321568298340e+08 8.170074333812484741e+08 7.396875095384407043e+08 6.635608844016320705e+08 5.896370213190768957e+08 5.185788125194431543e+08 4.509158925448971391e+08 3.873015352780880332e+08 3.283736784436349869e+08 2.746309378966175318e+08 2.264210945085134208e+08 1.839263679012222588e+08 1.471514636546728313e+08 1.159151324721791893e+08 8.988464062165017426e+07 6.862351818256647885e+07 5.161176188507114351e+07 3.827277491237701476e+07 2.801527863476347923e+07 2.026898769390626624e+07 1.451362660549522191e+07 1.030067582135225087e+07 7.260461177675962448e+06 5.095397126903831959e+06 3.569325430175717920e+06 2.499976593480339274e+06 1.752462195004124660e+06 1.230472611704369308e+06 8.661484078217388596e+05 6.116929825933474349e+05 4.335609821039022063e+05 3.082856323184771463e+05 2.196508747867900820e+05 1.567379968141024292e+05 1.121264172740690701e+05 8.051183144215683569e+04 5.804282627358593163e+04 4.196910709959985979e+04 3.038384231794297375e+04 2.201604149923897421e+04 1.598784990934184134e+04 1.163590136501379675e+04 8.467137530515325125e+03 6.148845124746203510e+03 4.462056186845696175e+03 3.246653117592578383e+03 2.370486446862060347e+03 1.730008990325904506e+03 1.256539144671237409e+03 9.089310908340829656e+02 6.585361942331054479e+02
2.480193475568596363e+09 2.551291228418498039e+09 2.629241493145567417e+09 2.714425428977946758e+09 2.807168991463904858e+09 2.907707438947603226e+09 3.016166808100376606e+09 3.132514047217936039e+09 3.256531123268223763e+09 3.387742778913273335e+09 3.525386905378942490e+09 3.668311388411536694e+09 3.814963376028289318e+09 3.963299382360170841e+09 4.110763908548524380e+09 4.254092095792314053e+09 4.389392856939700127e+09 4.511959575964204788e+09 4.616493195912702560e+09 4.696934970242235184e+09 4.746954189800136566e+09 4.759873235734178543e+09 4.729833983229309082e+09 4.652425052299452782e+09 4.526196359452720642e+09 4.354008868950421333e+09 4.143994397268191338e+09 3.911446196088494778e+09 3.674414116822456837e+09 3.454609487457392216e+09 3.266766530964776993e+09 3.116837834049181938e+09 2.993831047668576717e+09 2.870232899837400436e+09 2.715439934580311298e+09 2.523158769746554375e+09 2.328698276426836491e+09 2.178648004869115353e+09 2.075755253789879560e+09 1.970602904660352945e+09 1.836681747107652426e+09 1.716998098086125851e+09 1.621704120653005838e+09 1.515269338949805021e+09 1.414506864482376575e+09 1.320709489821879625e+09 1.227659322513833761e+09 1.139665285202265024e+09 1.053869345928618908e+09 9.694691342399464846e+08 8.855354111138871908e+08 8.018937663274815083e+08 7.194687380632238388e+08 6.393800436036747694e+08 5.623650447987269163e+08 4.890108682935541272e+08 4.200343982113488913e+08 3.561329070436587334e+08 2.978505230169777870e+08 2.455664403515568972e+08 1.994794425379040241e+08 1.595952739642147720e+08 1.257177012705333680e+08 9.748602982985848188e+07 7.442696838530971110e+07 5.597658444539540261e+07 4.150954396895783395e+07 3.038457826759896800e+07 2.198318149858499691e+07 1.574108346922516450e+07 1.117183599972669967e+07 7.874502980641896836e+06 5.526332903325269930e+06 3.871196085593257565e+06 2.711408539738941006e+06 1.900674083130565239e+06 1.334537887886708369e+06 9.394014214390818961e+05 6.634257638402818702e+05 4.702285111329874489e+05 3.343582162657316658e+05 2.382273513547184120e+05 1.699937455162866681e+05 1.216092294411684852e+05 8.732090343310919707e+04 6.295163210497725231e+04 4.551851981729632098e+04 3.295346461998759332e+04 2.387798072040347324e+04 1.733997131445855121e+04 1.261996984317765600e+04 9.183218663503626885e+03 6.668864662238790515e+03 4.839420617711589330e+03 3.521228057956863722e+03 2.570962232129837957e+03 1.876318810609643606e+03 1.362807138359178907e+03 9.858012686790885937e+02 7.142298349475033774e+02
2.626933038950535297e+09 2.698026556876179218e+09 2.775972081885972500e+09 2.861150713595351696e+09 2.953888340304960728e+09 3.054420144557868004e+09 3.162872076151954651e+09 3.279210983642597198e+09 3.403218717225863934e+09 3.534419882518657684e+09 3.672052206168757439e+09 3.814963376028289318e+09 3.961600295552632332e+09 4.109919174942340374e+09 4.257364131016438961e+09 4.400669822576304436e+09 4.535944542735172272e+09 4.658480884203739166e+09 4.762978760630874634e+09 4.843378097310780525e+09 4.893346446193060875e+09 4.906203933753891945e+09 4.876089470062137604e+09 4.798587801909887314e+09 4.672243778061144829e+09 4.499911776391430855e+09 4.289715148362187862e+09 4.056936330042946815e+09 3.819611785499135494e+09 3.599436313068192482e+09 3.411124406250314713e+09 3.260605153849719524e+09 3.136858677594585896e+09 3.012339485860421658e+09 2.856406019205348492e+09 2.662719362428775787e+09 2.466535026753838062e+09 2.314384399142688274e+09 2.208957527445757389e+09 2.100786208300256729e+09 1.963319655118465662e+09 1.839539139779158831e+09 1.739603655973808289e+09 1.628030238848732710e+09 1.521716825889804125e+09 1.422070904739671469e+09 1.322992645032978058e+09 1.228875700634382725e+09 1.136887572954341650e+09 1.046200265479059696e+09 9.558604006190159321e+08 8.657314169950432777e+08 7.768429441163915396e+08 6.904278496810255051e+08 6.072999264078652859e+08 5.281053011135319471e+08 4.536261347468413711e+08 3.846205923875854015e+08 3.216795107373406291e+08 2.652143239306558967e+08 2.154408168586554229e+08 1.723658035912699997e+08 1.357776775533403754e+08 1.052870529981594235e+08 8.038285426151186228e+07 6.045606998521898687e+07 4.483135256219005585e+07 3.281613329241298884e+07 2.374242166023130715e+07 1.700079879266686365e+07 1.206589254971121624e+07 8.504684246694672853e+06 5.968595707489644177e+06 4.181001395508024376e+06 2.928397945730736479e+06 2.052781660083602648e+06 1.441338428151049418e+06 1.014579776519153034e+06 7.165182183612635126e+05 5.078597283269602922e+05 3.611160177589981467e+05 2.572920323597569368e+05 1.835978602224115457e+05 1.313412464774635737e+05 9.430890894080731960e+04 6.798943059987195011e+04 4.916120150533707783e+04 3.559060921933402278e+04 2.578884575969366779e+04 1.872762132301406018e+04 1.362989557743081241e+04 9.918115677213596427e+03 7.202548574195993751e+03 5.226700859989109631e+03 3.803017621292681270e+03 2.776705532544382550e+03 2.026473025835653061e+03 1.471867536569711092e+03 1.064691399196540715e+03 7.713869109104349491e+02
2.775372898347970486e+09 2.846461219054845333e+09 2.924400948175095558e+09 3.009573120121154785e+09 3.102303550975419044e+09 3.202827343573977947e+09 3.311270358208621502e+09 3.427599342954434395e+09 3.551596032672363281e+09 3.682784900437551022e+09 3.820403516185615540e+09 3.963299382360170841e+09 4.109919174942340374e+09 4.258218822898121357e+09 4.405642087056717873e+09 4.548923180118330002e+09 4.684169818194536209e+09 4.806673853931291580e+09 4.911134227595582962e+09 4.991489598582983971e+09 5.041405840875716209e+09 5.054200885588691711e+09 5.024010718091326714e+09 4.946416223083270073e+09 4.819957140608872414e+09 4.647481147945812225e+09 4.437102927574095726e+09 4.204093776536595821e+09 3.966476382692730427e+09 3.745928542350439072e+09 3.557144599410522938e+09 3.406029793266144276e+09 3.281536534349728107e+09 3.156087084334009171e+09 2.999001721160707474e+09 2.803895537685079575e+09 2.605969605248372078e+09 2.451695871993616581e+09 2.343706428464612961e+09 2.232482005949325085e+09 2.091430075469946384e+09 1.963506022493017435e+09 1.858875619651451349e+09 1.742104401421455622e+09 1.630175914934972525e+09 1.524613676645894527e+09 1.419437391598743677e+09 1.319126408137488604e+09 1.220874116368797302e+09 1.123826611605381012e+09 1.027006094694225550e+09 9.303142785555795431e+08 8.348870984039264917e+08 7.420718999958353043e+08 6.527598103714766502e+08 5.676566456505645514e+08 4.876106033388851881e+08 4.134414542751260996e+08 3.457872923506189585e+08 2.850921717148582339e+08 2.315890814250399172e+08 1.852859227006133795e+08 1.459555415233562291e+08 1.131795303071985841e+08 8.640859145651708543e+07 6.498811184278287739e+07 4.819214895508126169e+07 3.527623669097441435e+07 2.552232277890279144e+07 1.827531236783458292e+07 1.297045411651876569e+07 9.142271185147672892e+06 6.416056269481934607e+06 4.494447829748322256e+06 3.147937590902231634e+06 2.206676875660649035e+06 1.549394070277024526e+06 1.090641546991493786e+06 7.702345002989938948e+05 5.459330638120002113e+05 3.881881662416178733e+05 2.765806733412210597e+05 1.973617800250390428e+05 1.411875742357131385e+05 1.013789856551035045e+05 7.308638998400166747e+04 5.284665815906677744e+04 3.825872045433974563e+04 2.772214828113462863e+04 2.013156405328476103e+04 1.465167864807430851e+04 1.066164127854653088e+04 7.742498921906802025e+03 5.618528400723133927e+03 4.088115519833785129e+03 2.984864203407440982e+03 2.178390140194026117e+03 1.582208556451761069e+03 1.144507930414705925e+03 8.292151071088485423e+02
2.922961267526485443e+09 2.994043189097530365e+09 3.071975805114979267e+09 3.157140078553975105e+09 3.249861748039744377e+09 3.350375833075210571e+09 3.458808102766487598e+09 3.575125205845672131e+09 3.699108766263164997e+09 3.830283133528718472e+09 3.967885734946475029e+09 4.110763908548524380e+09 4.257364131016438961e+09 4.405642087056717873e+09 4.553041227772713661e+09 4.696295378817940712e+09 4.831511749936117172e+09 4.953981539375953674e+09 5.058402811248943329e+09 5.138713071053346634e+09 5.188576633789721489e+09 5.201309363041848183e+09 5.171044437114356041e+09 5.093358976317912102e+09 4.966787665224025726e+09 4.794171467847326279e+09 4.583616304615180969e+09 4.350382130267780304e+09 4.112477620249420643e+09 3.891563287595169067e+09 3.702313183891324997e+09 3.550608729082735062e+09 3.425374965973172665e+09 3.299002561586921215e+09 3.140774365920414448e+09 2.944259836415034771e+09 2.744605294084248543e+09 2.588222777824969769e+09 2.477686695242352486e+09 2.363427829818346977e+09 2.218812575178608894e+09 2.086769835340138435e+09 1.977471946268265009e+09 1.855533253885139227e+09 1.738022154868519545e+09 1.626577535172983170e+09 1.515338091700924397e+09 1.408868351030557632e+09 1.304387524089493513e+09 1.201015966843084812e+09 1.097751593998448372e+09 9.945341550380674601e+08 8.926052762827348709e+08 7.934261473427956104e+08 6.979648102646920681e+08 6.069864354783554077e+08 5.214048827580267191e+08 4.421011856094951630e+08 3.697604342226542234e+08 3.048591245776631832e+08 2.476473590985639393e+08 1.981341268691318333e+08 1.560768209828318059e+08 1.210281808965685070e+08 9.240090677804277837e+07 6.949504459029416740e+07 5.153434470776828378e+07 3.772273731586781144e+07 2.729239054983069375e+07 1.954278995379829034e+07 1.387002513597062789e+07 9.776342076188582927e+06 6.861049858108591288e+06 4.806166273122951388e+06 3.366266906598960981e+06 2.359723585190356709e+06 1.656853851546104765e+06 1.166283790098169120e+06 8.236544242051817710e+05 5.837962871155259199e+05 4.151108827984372620e+05 2.957628328199276002e+05 2.110497067889185855e+05 1.509795256118327088e+05 1.084100058046291961e+05 7.815518458468999597e+04 5.651174628338459297e+04 4.091208493027311488e+04 2.964476422392963650e+04 2.152774474225103768e+04 1.566781194073650659e+04 1.140105610190489097e+04 8.279464470404058375e+03 6.008189832159863727e+03 4.371636879822417541e+03 3.191871593147476233e+03 2.329467210973058627e+03 1.691939690699311768e+03 1.223883358987569181e+03 8.867236212372232558e+02
3.066437961154358387e+09 3.137511979706430912e+09 3.215435836480023861e+09 3.300590415978289127e+09 3.393301373806735039e+09 3.493803642880086422e+09 3.602222900664228916e+09 3.718525700081972599e+09 3.842493562402215958e+09 3.973650728232429028e+09 4.111234504221136093e+09 4.254092095792314053e+09 4.400669822576304436e+09 4.548923180118330002e+09 4.696295378817940712e+09 4.839519945221416473e+09 4.974703688755541801e+09 5.097137282700545311e+09 5.201518064577696800e+09 5.281782561177462578e+09 5.331593721304250717e+09 5.344265555989803314e+09 5.313928652418828011e+09 5.236156574565381050e+09 5.109479125069832802e+09 4.936730671924966812e+09 4.726008422595632553e+09 4.492560940638607025e+09 4.254382848944500923e+09 4.033117341514277458e+09 3.843418390213515282e+09 3.691144113213512421e+09 3.565193200395390987e+09 3.437926242236256123e+09 3.278590407884512901e+09 3.080710917360220432e+09 2.879380016208055019e+09 2.720950395005764484e+09 2.607940306076161385e+09 2.490733102749187469e+09 2.342655826754521370e+09 2.206610622894342899e+09 2.092775966143107414e+09 1.965814460082044125e+09 1.842876619643288851e+09 1.725713494617970705e+09 1.608579652906015158e+09 1.496122392796620131e+09 1.385586137028960466e+09 1.276066247014346838e+09 1.166537021433056831e+09 1.056975161570044756e+09 9.487250336753861904e+08 8.433585303875626326e+08 7.419184992854691744e+08 6.452278216695529222e+08 5.542641964363937378e+08 4.699682271620586514e+08 3.930707049738746881e+08 3.240796761156449318e+08 2.632618904804270864e+08 2.106274042639468014e+08 1.659185955631611645e+08 1.286601580171383470e+08 9.822784889689953625e+07 7.387763544781072438e+07 5.478435912258635461e+07 4.010177855246723443e+07 2.901366224699471891e+07 2.077533377800006792e+07 1.474480677766155452e+07 1.039294211569896713e+07 7.293783159297343343e+06 5.109296545308232307e+06 3.578580970834258012e+06 2.508553556719848886e+06 1.761352776692147832e+06 1.239841722511728993e+06 8.756022604508450022e+05 6.206160377705638530e+05 4.412915934370047762e+05 3.144163032234811690e+05 2.243603595672920346e+05 1.605015680334067729e+05 1.152472037938955036e+05 8.308423799205935211e+04 6.007578720360720035e+04 4.349229449827544158e+04 3.151437088137074534e+04 2.288542856437773298e+04 1.665592657917530960e+04 1.212008302850232940e+04 8.801624889299821007e+03 6.387107414386135133e+03 4.647340288729800704e+03 3.393170586044452648e+03 2.476378452772664787e+03 1.798645431610146943e+03 1.301070420594642201e+03 9.426465022664507387e+02
