6.895576539394207744e+18 6.895510910961307648e+18 6.895428096963944448e+18 6.895323598339777536e+18 6.895191739431416832e+18 6.895025359304726528e+18 6.894815423062158336e+18 6.894550533250482176e+18 6.894216312283160576e+18 6.893794620480278528e+18 6.893262571829574656e+18 6.892591292916496384e+18 6.891744375419621376e+18 6.890675936377369600e+18 6.889328135579824128e+18 6.887628075885024256e+18 6.885483916010384384e+18 6.882779999327796224e+18 6.879370756040171520e+18 6.875073080362655744e+18 6.869656790901090304e+18 6.862832827673117696e+18 6.854238850341189632e+18 6.843421545562149888e+18 6.829814710946496512e+18 6.812713129570944000e+18 6.791241526671584256e+18 6.764318401976239104e+18 6.730615024362316800e+18 6.688510605793617920e+18 6.636046063198347264e+18 6.570883150062131200e+18 6.490276682030723072e+18 6.391071834410332160e+18 6.269745630526244864e+18 6.122521883345998848e+18 5.945590089822671872e+18 5.735461342991621120e+18 5.489483804400366592e+18 5.206508635194133504e+18 4.887638985527975936e+18 4.536909887931393024e+18 4.161622698738547712e+18 3.772010983470006272e+18 3.379977163862687232e+18 2.996926136940558848e+18 2.631260611936017408e+18 2.286736601202909952e+18 1.963052782016190720e+18 1.658970723814838528e+18 1.375909757723813632e+18 1.118547862737943552e+18 8.915575960259226880e+17 6.964428319685998080e+17 5.321121723653981440e+17 3.968853719906694400e+17 2.886546285450899840e+17 2.044800194965337600e+17 1.409152913098506080e+17 9.437429780848699200e+16 6.137558394332444800e+16 3.873929055721616800e+16 2.371936698444258400e+16 1.408526930843368600e+16 8.117307486070331000e+15 4.545947420586064000e+15 2.478487939908717500e+15 1.318538661387762750e+15 6.861754904167915000e+14 3.501776867650114375e+14 1.757416216274403438e+14 8.707838372191385938e+13 4.281667856265623438e+13 2.099373980402650781e+13 1.029721477933880078e+13 5.061017626137057617e+12 2.496380603050655762e+12 1.238013975733848389e+12 6.181870901801658936e+11 3.109919879561898804e+11 1.574335168791824341e+11 7.998671716098506165e+10 4.075712507930510712e+10 2.088167928530624390e+10 1.078440649768300056e+10 5.615255943254648209e+09 2.939843641907696724e+09 1.541729463988093138e+09 8.099138223033845425e+08 4.276114414377460480e+08 2.267317442266865075e+08 1.200331407620552480e+08 6.324008047199523449e+07 3.329709399656083435e+07 1.765528373921018466e+07 9.427520937725033611e+06 5.019105603396685794e+06 2.641485892072245013e+06 1.379769942115040962e+06 7.250501616936061764e+05
6.895510910961307648e+18 6.895445283211695104e+18 6.895362470076531712e+18 6.895257972540327936e+18 6.895126115004769280e+18 6.894959736610263040e+18 6.894749802553325568e+18 6.894484915499376640e+18 6.894150698011548672e+18 6.893729010598767616e+18 6.893196967487043584e+18 6.892525695562391552e+18 6.891678786882326528e+18 6.890610358962804736e+18 6.889262572195902464e+18 6.887562530198279168e+18 6.885418392642843648e+18 6.882714504104466432e+18 6.879305296300005376e+18 6.875007665348468736e+18 6.869591432248455168e+18 6.862767540020844544e+18 6.854173652090086400e+18 6.843356459816897536e+18 6.829749766682080256e+18 6.812648363065756672e+18 6.791176983255605248e+18 6.764254138143291392e+18 6.730551110290014208e+18 6.688447128301668352e+18 6.635983129143100416e+18 6.570820890079534080e+18 6.490215254486379520e+18 6.391011429246596096e+18 6.269686472491482112e+18 6.122464233795810304e+18 5.945534245973862400e+18 5.735407633205632000e+18 5.489432577929561088e+18 5.206460245080515584e+18 4.887593764259472384e+18 4.536868117314241536e+18 4.161584578495921152e+18 3.771976606175437312e+18 3.379946505714240000e+18 2.996899072066692608e+18 2.631236950069245952e+18 2.286716135031531776e+18 1.963035318560730368e+18 1.658956078334773248e+18 1.375897717823386368e+18 1.118538162958851968e+18 8.915499338559595520e+17 6.964369042534488320e+17 5.321076922254844160e+17 3.968820692830723840e+17 2.886522559962985600e+17 2.044783607618821440e+17 1.409141640133764960e+17 9.437355379567100800e+16 6.137510738935056800e+16 3.873899446736638400e+16 2.371918862672665200e+16 1.408516513293669800e+16 8.117248421379936000e+15 4.545914859188628000e+15 2.478470449049120500e+15 1.318529482739354750e+15 6.861707726452681250e+14 3.501753056139857500e+14 1.757404375974425000e+14 8.707780084319045312e+13 4.281639289202290625e+13 2.099359982547063672e+13 1.029714606672355078e+13 5.060983798224959961e+12 2.496363871919795898e+12 1.238005646993821533e+12 6.181829127114677734e+11 3.109898771050736694e+11 1.574324450077004700e+11 7.998617169590847778e+10 4.075684651535163116e+10 2.088153597238794708e+10 1.078433210711767387e+10 5.615217038122825623e+09 2.939823230009054661e+09 1.541718754342152119e+09 8.099081855036647320e+08 4.276084551632867455e+08 2.267301590021159053e+08 1.200323035332737714e+08 6.323964045483732224e+07 3.329686190063948929e+07 1.765516002229141444e+07 9.427454741903923452e+06 5.019070530187161639e+06 2.641467565009315964e+06 1.379760378908356419e+06 7.250451041058155242e+05
6.895428096963944448e+18 6.895362470076531712e+18 6.895279658029368320e+18 6.895175161866028032e+18 6.895043306062759936e+18 6.894876929854053376e+18 6.894666998555089920e+18 6.894402114981017600e+18 6.894067901883829248e+18 6.893646220010756096e+18 6.893114183888454656e+18 6.892442920782214144e+18 6.891596023227696128e+18 6.890527609343459328e+18 6.889179840281197568e+18 6.887479820614847488e+18 6.885335711223181312e+18 6.882631858199153664e+18 6.879222695169840128e+18 6.874925120656641024e+18 6.869508958677470208e+18 6.862685156042835968e+18 6.854091380924270592e+18 6.843274330618053632e+18 6.829667816012430336e+18 6.812566636703311872e+18 6.791095538400095232e+18 6.764173046081546240e+18 6.730470459575766016e+18 6.688367028488559616e+18 6.635903715069238272e+18 6.570742326597474304e+18 6.490137741433461760e+18 6.390935206304214016e+18 6.269611823260869632e+18 6.122391488070739968e+18 5.945463778799235072e+18 5.735339858925905920e+18 5.489367937250319360e+18 5.206399183489609728e+18 4.887536701309388800e+18 4.536815408605914112e+18 4.161536476054595584e+18 3.771933226819169792e+18 3.379907819410718720e+18 2.996864919983115264e+18 2.631207092109640192e+18 2.286690309595314176e+18 1.963013282135183104e+18 1.658937597802564352e+18 1.375882525168843008e+18 1.118525923209254656e+18 8.915402652829943040e+17 6.964294243194506240e+17 5.321020389291562240e+17 3.968779017413722240e+17 2.886492621843125120e+17 2.044762676828203200e+17 1.409127415337698560e+17 9.437261496452116800e+16 6.137450605006356800e+16 3.873862084605440800e+16 2.371896356552026800e+16 1.408503367860940600e+16 8.117173890255438000e+15 4.545873771381320000e+15 2.478448378103131500e+15 1.318517900620806500e+15 6.861648195174275000e+14 3.501723009643992500e+14 1.757389435383167500e+14 8.707706534567139062e+13 4.281603242425231250e+13 2.099342319706396094e+13 1.029705936320519727e+13 5.060941112862791992e+12 2.496342759795507812e+12 1.237995137349810791e+12 6.181776413450738525e+11 3.109872135099769287e+11 1.574310924578479309e+11 7.998548339713383484e+10 4.075649500820258331e+10 2.088135513283019257e+10 1.078423823762182999e+10 5.615167945977079391e+09 2.939797473514752388e+09 1.541705240572148323e+09 8.099010728242473602e+08 4.276046869665256143e+08 2.267281586930830479e+08 1.200312470754138678e+08 6.323908521702142060e+07 3.329656902866466716e+07 1.765500390905805305e+07 9.427371212250350043e+06 5.019026272901072167e+06 2.641444438975349534e+06 1.379748311588075012e+06 7.250387222075399477e+05
6.895323598339777536e+18 6.895257972540327936e+18 6.895175161866028032e+18 6.895070667435029504e+18 6.894938813817653248e+18 6.894772440367079424e+18 6.894562512548268032e+18 6.894297633365256192e+18 6.893963425808369664e+18 6.893541750925535232e+18 6.893009723622762496e+18 6.892338471643927552e+18 6.891491588128043008e+18 6.890423191954020352e+18 6.889075445232067584e+18 6.887375453744039936e+18 6.885231379890337792e+18 6.882527571679764480e+18 6.879118465149873152e+18 6.874820961853293568e+18 6.869404889617735680e+18 6.862581200035615744e+18 6.853987567268457472e+18 6.843170696102205440e+18 6.829564406772024320e+18 6.812463510502535168e+18 6.790992767415366656e+18 6.764070720264758272e+18 6.730368690666685440e+18 6.688265954725307392e+18 6.635803506594756608e+18 6.570643191429841920e+18 6.490039931747003392e+18 6.390839024542056448e+18 6.269517627283184640e+18 6.122299694024651776e+18 5.945374859930830848e+18 5.735254338070490112e+18 5.489286370506655744e+18 5.206322132991682560e+18 4.887464696466801664e+18 4.536748898134598144e+18 4.161475777977726464e+18 3.771878488551991808e+18 3.379859003065736192e+18 2.996821825142731776e+18 2.631169415808979456e+18 2.286657721731947008e+18 1.962985475432302080e+18 1.658914278100536320e+18 1.375863354272727040e+18 1.118510478437321728e+18 8.915280649549090560e+17 6.964199857306018560e+17 5.320949052883729920e+17 3.968726429066958080e+17 2.886454844270853120e+17 2.044736265210830720e+17 1.409109465726432800e+17 9.437143029850980800e+16 6.137374724981264800e+16 3.873814939089178400e+16 2.371867957060780800e+16 1.408486780171154400e+16 8.117079842234565000e+15 4.545821924131885000e+15 2.478420527530032500e+15 1.318503285540584750e+15 6.861573074761607500e+14 3.501685095116166875e+14 1.757370582483005312e+14 8.707613725647248438e+13 4.281557756940260156e+13 2.099320032030831250e+13 1.029694995773083984e+13 5.060887250857828125e+12 2.496316119506975098e+12 1.237981875691949463e+12 6.181709896086973877e+11 3.109838524115117188e+11 1.574293857194789734e+11 7.998461485529991150e+10 4.075605145333487701e+10 2.088112693806208420e+10 1.078411978748772812e+10 5.615105998787083626e+09 2.939764972655360222e+09 1.541688188278761864e+09 8.098920977617998123e+08 4.275999321122933626e+08 2.267256346086821258e+08 1.200299139793828130e+08 6.323838458498153090e+07 3.329619946436417475e+07 1.765480691530772671e+07 9.427265809028182179e+06 5.018970426140647382e+06 2.641415257058970630e+06 1.379733084308068268e+06 7.250306691645234823e+05
6.895191739431416832e+18 6.895126115004769280e+18 6.895043306062759936e+18 6.894938813817653248e+18 6.894806962958487552e+18 6.894640592988200960e+18 6.894430669560713216e+18 6.894165795918451712e+18 6.893831595352437760e+18 6.893409929290020864e+18 6.892877913115893760e+18 6.892206675177803776e+18 6.891359809376075776e+18 6.890291435549034496e+18 6.888943717016348672e+18 6.887243761084035072e+18 6.885099732072466432e+18 6.882395980407912448e+18 6.878986945169982464e+18 6.874689531736272896e+18 6.869273572741432320e+18 6.862450025811621888e+18 6.853856572666637312e+18 6.843039927542916096e+18 6.829433922469607424e+18 6.812333383344473088e+18 6.790863088474555392e+18 6.763941603043234816e+18 6.730240276158511104e+18 6.688138417360322560e+18 6.635677061060606976e+18 6.570518100205542400e+18 6.489916513032043520e+18 6.390717659979890688e+18 6.269398768433879040e+18 6.122183865990414336e+18 5.945262659861218304e+18 5.735146425686522880e+18 5.489183447501159424e+18 5.206224908673145856e+18 4.887373838853242880e+18 4.536664973426745344e+18 4.161399187470130688e+18 3.771809418266519040e+18 3.379797405206419968e+18 2.996767446826359808e+18 2.631121874749368832e+18 2.286616601396940544e+18 1.962950388094341120e+18 1.658884852581271296e+18 1.375839163827690240e+18 1.118490989718119424e+18 8.915126701697836800e+17 6.964080757925642240e+17 5.320859038060450560e+17 3.968660071160390400e+17 2.886407175114328960e+17 2.044702938030742720e+17 1.409086816224851200e+17 9.436993544247320000e+16 6.137278976797172800e+16 3.873755449188557600e+16 2.371832121459503600e+16 1.408465849085459200e+16 8.116961167801054000e+15 4.545756500492386000e+15 2.478385384086823000e+15 1.318484843364850750e+15 6.861478283304416250e+14 3.501637252308865000e+14 1.757346792814802812e+14 8.707496614408484375e+13 4.281500361177485156e+13 2.099291908511810156e+13 1.029681190603098438e+13 5.060819286191787109e+12 2.496282503912735352e+12 1.237965141567670410e+12 6.181625961132935791e+11 3.109796111902282715e+11 1.574272320562729187e+11 7.998351887623005676e+10 4.075549174868883514e+10 2.088083898841039658e+10 1.078397032047865295e+10 5.615027830580401421e+09 2.939723961509497166e+09 1.541666670953365564e+09 8.098807726820818186e+08 4.275939322795059681e+08 2.267224496398929060e+08 1.200282318267082721e+08 6.323750049474652857e+07 3.329573312911833078e+07 1.765455833789489046e+07 9.427132805351119488e+06 5.018899955448487774e+06 2.641378433576031588e+06 1.379713869643103331e+06 7.250205074049413670e+05
6.895025359304726528e+18 6.894959736610263040e+18 6.894876929854053376e+18 6.894772440367079424e+18 6.894640592988200960e+18 6.894474227409355776e+18 6.894264309522879488e+18 6.893999442871954432e+18 6.893665251127059456e+18 6.893243596194272256e+18 6.892711594062292992e+18 6.892040373840815104e+18 6.891193530390772736e+18 6.890125184761077760e+18 6.888777501797471232e+18 6.887077590729119744e+18 6.884933618299010048e+18 6.882229937983717376e+18 6.878820992701313024e+18 6.874523692656486400e+18 6.869107876549492736e+18 6.862284509619253248e+18 6.853691283122439168e+18 6.842874923220032512e+18 6.829269276822704128e+18 6.812169188342579200e+18 6.790699459032781824e+18 6.763778682377438208e+18 6.730078242173568000e+18 6.687977490149912576e+18 6.635517511515225088e+18 6.570360259518472192e+18 6.489760782704524288e+18 6.390564521573024768e+18 6.269248791746762752e+18 6.122037713605803008e+18 5.945121085261831168e+18 5.735010261305907200e+18 5.489053578731320320e+18 5.206102230514874368e+18 4.887259194208034816e+18 4.536559076726258176e+18 4.161302545072235008e+18 3.771722264902617600e+18 3.379719680578412032e+18 2.996698831854118912e+18 2.631061887065291776e+18 2.286564715416000000e+18 1.962906114582935808e+18 1.658847723191153664e+18 1.375808640089188096e+18 1.118466398648698752e+18 8.914932448571311360e+17 6.963930476892469760e+17 5.320745456187102720e+17 3.968576339830787200e+17 2.886347025473850240e+17 2.044660885289900480e+17 1.409058236737974560e+17 9.436804921083956800e+16 6.137158160399397600e+16 3.873680384090458400e+16 2.371786903681362400e+16 1.408439437918273800e+16 8.116811421918811000e+15 4.545673947231331000e+15 2.478341039007501500e+15 1.318461572392125500e+15 6.861358671954228750e+14 3.501576882451921250e+14 1.757316774132858750e+14 8.707348839411578125e+13 4.281427937461225781e+13 2.099256421551392578e+13 1.029663770977007812e+13 5.060733527509225586e+12 2.496240087528416504e+12 1.237944026276992188e+12 6.181520050355823975e+11 3.109742595022567749e+11 1.574245144942411194e+11 7.998213593054743958e+10 4.075478549237016296e+10 2.088047564281835175e+10 1.078378171772826195e+10 5.614929195414963722e+09 2.939672212467586040e+09 1.541639519861978292e+09 8.098664824698423147e+08 4.275863615974474549e+08 2.267184308120282292e+08 1.200261092720413208e+08 6.323638493641352654e+07 3.329514469684816524e+07 1.765424467612430826e+07 9.426964977226721123e+06 5.018811033172708005e+06 2.641331968383084051e+06 1.379689623881693231e+06 7.250076849584277952e+05
6.894815423062158336e+18 6.894749802553325568e+18 6.894666998555089920e+18 6.894562512548268032e+18 6.894430669560713216e+18 6.894264309522879488e+18 6.894054398627961856e+18 6.893789540798628864e+18 6.893455360184103936e+18 6.893033719294534656e+18 6.892501734880709632e+18 6.891830537013749760e+18 6.890983721766649856e+18 6.889915411715783680e+18 6.888567773632444416e+18 6.886867919172374528e+18 6.884724018135317504e+18 6.882020427846641664e+18 6.878611596067643392e+18 6.874314439093718016e+18 6.868898803279779840e+18 6.862075663470824448e+18 6.853482722955807744e+18 6.842666722941773824e+18 6.829061529116451840e+18 6.811962009252832256e+18 6.790492993556659200e+18 6.763573111220986880e+18 6.729873789812283392e+18 6.687774434291704832e+18 6.635316193961821184e+18 6.570161098159944704e+18 6.489564284143837184e+18 6.390371293431265280e+18 6.269059552993043456e+18 6.121853300304228352e+18 5.944942448156526592e+18 5.734838450745199616e+18 5.488889711883264000e+18 5.205947436670322688e+18 4.887114536920326144e+18 4.536425457451144704e+18 4.161180602727273472e+18 3.771612295677831168e+18 3.379621608403854848e+18 2.996612254130555904e+18 2.630986195152203776e+18 2.286499246134280704e+18 1.962850250621784576e+18 1.658800873606776832e+18 1.375770125453348608e+18 1.118435369796866176e+18 8.914687341084834560e+17 6.963740853006823680e+17 5.320602139004563200e+17 3.968470687863738240e+17 2.886271128764094080e+17 2.044607823186021120e+17 1.409022175160868320e+17 9.436566916523718400e+16 6.137005714444594400e+16 3.873585667158199200e+16 2.371729848106760800e+16 1.408406112461544200e+16 8.116622472838525000e+15 4.545569781187799000e+15 2.478285083958668000e+15 1.318432208744045250e+15 6.861207744202001250e+14 3.501500706547710000e+14 1.757278895936139062e+14 8.707162374025968750e+13 4.281336552011679688e+13 2.099211643670051562e+13 1.029641790772760742e+13 5.060625317123264648e+12 2.496186566756207031e+12 1.237917383238114258e+12 6.181386412936126709e+11 3.109675067325639648e+11 1.574210854494654846e+11 7.998039090960969543e+10 4.075389432558895111e+10 2.088001716643706894e+10 1.078354373526887131e+10 5.614804735906693459e+09 2.939606914795303345e+09 1.541605260319333553e+09 8.098484509823952913e+08 4.275768088931589127e+08 2.267133598636236489e+08 1.200234310475082397e+08 6.323497733538110554e+07 3.329440221494894847e+07 1.765384889638943598e+07 9.426753210085839033e+06 5.018698829806503840e+06 2.641273337796007749e+06 1.379659030128558399e+06 7.249915053799770540e+05
6.894550533250482176e+18 6.894484915499376640e+18 6.894402114981017600e+18 6.894297633365256192e+18 6.894165795918451712e+18 6.893999442871954432e+18 6.893789540798628864e+18 6.893524694100012032e+18 6.893190527529355264e+18 6.892768904358960128e+18 6.892236942301187072e+18 6.891565772640223232e+18 6.890718992978358272e+18 6.889650727819252736e+18 6.888303146363727872e+18 6.886603363329229824e+18 6.884459552372335616e+18 6.881756075674582016e+18 6.878347387108170752e+18 6.874050410653400064e+18 6.868635002323433472e+18 6.861812149085584384e+18 6.853219569411423232e+18 6.842404023490489344e+18 6.828799400702400512e+18 6.811700598295599104e+18 6.790232483006581760e+18 6.763313729083853824e+18 6.729615819319563264e+18 6.687518225840350208e+18 6.635062178818585600e+18 6.569909803595584512e+18 6.489316349362432000e+18 6.390127485096838144e+18 6.268820778264264704e+18 6.121620614102666240e+18 5.944717050132999168e+18 5.734621666202211328e+18 5.488682950413251584e+18 5.205752123159653376e+18 4.886932013310771200e+18 4.536256861160511488e+18 4.161026739920967680e+18 3.771473540090248192e+18 3.379497864072229376e+18 2.996503013088464384e+18 2.630890689448292864e+18 2.286416638990994944e+18 1.962779763134974464e+18 1.658741760153351936e+18 1.375721528775331584e+18 1.118396218447565312e+18 8.914378070977158400e+17 6.963501590399157760e+17 5.320421304820088320e+17 3.968337378591468800e+17 2.886175363900153600e+17 2.044540870479381120e+17 1.408976673345479840e+17 9.436266606749057600e+16 6.136813360949324000e+16 3.873466155146362400e+16 2.371657856560356000e+16 1.408364063165835200e+16 8.116384061399138000e+15 4.545438346485101000e+15 2.478214480588399500e+15 1.318395157889507000e+15 6.861017303820402500e+14 3.501404587641056875e+14 1.757231101074285000e+14 8.706927091210606250e+13 4.281221241620099219e+13 2.099155142975885938e+13 1.029614056268858203e+13 5.060488778424435547e+12 2.496119035140723633e+12 1.237883765659891846e+12 6.181217793055731201e+11 3.109589862563312378e+11 1.574167587340880737e+11 7.997818905675712585e+10 4.075276985429769135e+10 2.087943866112419891e+10 1.078324344885299301e+10 5.614647692874667168e+09 2.939524522276431084e+09 1.541562031749828100e+09 8.098256989763927460e+08 4.275647553962204456e+08 2.267069614189616442e+08 1.200200517174381316e+08 6.323320126027745754e+07 3.329346537165366113e+07 1.765334950971996412e+07 9.426486005067244172e+06 5.018557252388566732e+06 2.641199357858563308e+06 1.379620426933755632e+06 7.249710899991603801e+05
6.894216312283160576e+18 6.894150698011548672e+18 6.894067901883829248e+18 6.893963425808369664e+18 6.893831595352437760e+18 6.893665251127059456e+18 6.893455360184103936e+18 6.893190527529355264e+18 6.892856378678301696e+18 6.892434777864802304e+18 6.891902844014424064e+18 6.891231709941882880e+18 6.890384975179025408e+18 6.889316766661190656e+18 6.887969256654564352e+18 6.886269563739594752e+18 6.884125866439075840e+18 6.881422533061615616e+18 6.878014025189634048e+18 6.873717276499554304e+18 6.868302155190538240e+18 6.861479663524999168e+18 6.852887539133489152e+18 6.842072566157734912e+18 6.828468663866946560e+18 6.811370766699320320e+18 6.789903787482874880e+18 6.762986457313281024e+18 6.729290328661741568e+18 6.687194958398496768e+18 6.634741678730407936e+18 6.569592736128522240e+18 6.489003521012237312e+18 6.389819863178381312e+18 6.268519507358611456e+18 6.121327025229143040e+18 5.944432656945704960e+18 5.734348140939503616e+18 5.488422071620896768e+18 5.205505688653290496e+18 4.886701716250190848e+18 4.536044136654187520e+18 4.160832605134100992e+18 3.771298466587687424e+18 3.379341730796818432e+18 2.996365179146527744e+18 2.630770185905071104e+18 2.286312410055866112e+18 1.962690826030400768e+18 1.658667174103277056e+18 1.375660212165632512e+18 1.118346819407460992e+18 8.913987850477495040e+17 6.963199701288651520e+17 5.320193137346047360e+17 3.968169175427905920e+17 2.886054532274411520e+17 2.044456392565788800e+17 1.408919261130249120e+17 9.435887688530084800e+16 6.136570657274881600e+16 3.873315359828352800e+16 2.371567020649639600e+16 1.408311007196420000e+16 8.116083244822329000e+15 4.545272508323724000e+15 2.478125396175546000e+15 1.318348408378521000e+15 6.860777011358798750e+14 3.501283306920254375e+14 1.757170794390794375e+14 8.706630215234764062e+13 4.281075744905331250e+13 2.099083851469073047e+13 1.029579061494726562e+13 5.060316497594750000e+12 2.496033825952387695e+12 1.237841348298130371e+12 6.181005036028385010e+11 3.109482355457098999e+11 1.574112994859646606e+11 7.997541084108447266e+10 4.075135103077194214e+10 2.087870871806943893e+10 1.078286455440996170e+10 5.614449539488444328e+09 2.939420561228433609e+09 1.541507486950587988e+09 8.097969910853605270e+08 4.275495466521668434e+08 2.266988880757143199e+08 1.200157878061940968e+08 6.323096028446551412e+07 3.329228330816514045e+07 1.765271940815719962e+07 9.426148857025394216e+06 5.018378614838779904e+06 2.641106012042344548e+06 1.379571718372052303e+06 7.249453303737242240e+05
6.893794620480278528e+18 6.893729010598767616e+18 6.893646220010756096e+18 6.893541750925535232e+18 6.893409929290020864e+18 6.893243596194272256e+18 6.893033719294534656e+18 6.892768904358960128e+18 6.892434777864802304e+18 6.892013205259347968e+18 6.891481306998721536e+18 6.890810217828683776e+18 6.889963539715598336e+18 6.888895402662834176e+18 6.887547982804173824e+18 6.885848403593977856e+18 6.883704849694727168e+18 6.881001697145525248e+18 6.877593417256734720e+18 6.873296955938337792e+18 6.867882196764521472e+18 6.861060161295505408e+18 6.852468611335142400e+18 6.841654361249820672e+18 6.828051368023196672e+18 6.810954613011186688e+18 6.789489067195567104e+18 6.762573533396114432e+18 6.728879651997929472e+18 6.686787086791963648e+18 6.634337298721532928e+18 6.569192687086595072e+18 6.488608820494105600e+18 6.389431731646650368e+18 6.268139388933854208e+18 6.120956599263886336e+18 5.944073833227952128e+18 5.734003029379132416e+18 5.488092916327822336e+18 5.205194757969179648e+18 4.886411146438642688e+18 4.535775738390772224e+18 4.160587661775916544e+18 3.771077573113102336e+18 3.379144734479377408e+18 2.996191271383467008e+18 2.630618144196381696e+18 2.286180902301801728e+18 1.962578612243588608e+18 1.658573067294557440e+18 1.375582847658921728e+18 1.118284491537621376e+18 8.913495500327637760e+17 6.962818800548531200e+17 5.319905252648868480e+17 3.967956948940612480e+17 2.885902075538787200e+17 2.044349804202923520e+17 1.408846822286282880e+17 9.435409594650148800e+16 6.136264429606311200e+16 3.873125096065152000e+16 2.371452409803922400e+16 1.408244064679875000e+16 8.115703694958027000e+15 4.545063265520303000e+15 2.478012995881557500e+15 1.318289422920273750e+15 6.860473824205918750e+14 3.501130281069251250e+14 1.757094702149629688e+14 8.706255629521671875e+13 4.280892163030375000e+13 2.098993898776958984e+13 1.029534906607617969e+13 5.060099121736356445e+12 2.495926313405231934e+12 1.237787828502392578e+12 6.180736592665560303e+11 3.109346710419166260e+11 1.574044114110988159e+11 7.997190548564366150e+10 4.074956084718192291e+10 2.087778771637817764e+10 1.078238648466927338e+10 5.614199519115251541e+09 2.939289388096415997e+09 1.541438664856920958e+09 8.097607688448041677e+08 4.275303570367658138e+08 2.266887015736277103e+08 1.200104078505066037e+08 6.322813276131205261e+07 3.329079185996597260e+07 1.765192439176537469e+07 9.425723468166295439e+06 5.018153221789986826e+06 2.640988233707841020e+06 1.379510260470298817e+06 7.249128281877163099e+05
6.893262571829574656e+18 6.893196967487043584e+18 6.893114183888454656e+18 6.893009723622762496e+18 6.892877913115893760e+18 6.892711594062292992e+18 6.892501734880709632e+18 6.892236942301187072e+18 6.891902844014424064e+18 6.891481306998721536e+18 6.890949453641716736e+18 6.890278421125264384e+18 6.889431814487257088e+18 6.888363767601984512e+18 6.887016461482887168e+18 6.885317025733670912e+18 6.883173652763140096e+18 6.880470728363823104e+18 6.877062736119599104e+18 6.872766637375288320e+18 6.867352335103440896e+18 6.860530875211945984e+18 6.851940050003719168e+18 6.841126711979850752e+18 6.827524865714435072e+18 6.810429551762878464e+18 6.788965814471563264e+18 6.762052547153520640e+18 6.728361501113495552e+18 6.686272475042394112e+18 6.633827092307804160e+18 6.568687945030991872e+18 6.488110826634997760e+18 6.388942025825484800e+18 6.267659793178818560e+18 6.120489232394458112e+18 5.943621104805992448e+18 5.733567601466362880e+18 5.487677620348910592e+18 5.204802456033246208e+18 4.886044533869460480e+18 4.535437099687739392e+18 4.160278616124794880e+18 3.770798871185796608e+18 3.378896183586821120e+18 2.995971851330856448e+18 2.630426312574510080e+18 2.286014978406865664e+18 1.962437031580127744e+18 1.658454332242198784e+18 1.375485236424260352e+18 1.118205852097248384e+18 8.912874299101913600e+17 6.962338215473473280e+17 5.319542026239741440e+17 3.967689180813936000e+17 2.885709719208364800e+17 2.044215320326744000e+17 1.408755425166900480e+17 9.434806376077990400e+16 6.135878057002275200e+16 3.872885036946703200e+16 2.371307803307767200e+16 1.408159602203516600e+16 8.115224811330521000e+15 4.544799261409996000e+15 2.477871179532580000e+15 1.318215000594347000e+15 6.860091288902970000e+14 3.500937205027190625e+14 1.756998694387006875e+14 8.705783001998321875e+13 4.280660530957830469e+13 2.098880402033601953e+13 1.029479194739076172e+13 5.059824851012126953e+12 2.495790661450375000e+12 1.237720301153395020e+12 6.180397892006282959e+11 3.109175564980747070e+11 1.573957206592830811e+11 7.996748276207363892e+10 4.074730215863507080e+10 2.087662567304618454e+10 1.078178329294566536e+10 5.613884061449216843e+09 2.939123882911433220e+09 1.541351829815367699e+09 8.097150660614224672e+08 4.275061449098811746e+08 2.266758489815118611e+08 1.200036198283353299e+08 6.322456521549132466e+07 3.328891007535982132e+07 1.765092130952420831e+07 9.425186751865498722e+06 5.017868841923668049e+06 2.640839631296078674e+06 1.379432717781643616e+06 7.248718193575122859e+05
6.892591292916496384e+18 6.892525695562391552e+18 6.892442920782214144e+18 6.892338471643927552e+18 6.892206675177803776e+18 6.892040373840815104e+18 6.891830537013749760e+18 6.891565772640223232e+18 6.891231709941882880e+18 6.890810217828683776e+18 6.890278421125264384e+18 6.889607460087755776e+18 6.888760943628819456e+18 6.887693010506480640e+18 6.886345847890710528e+18 6.884646593143653376e+18 6.882503448447368192e+18 6.879800811899925504e+18 6.876393182570267648e+18 6.872097541276772352e+18 6.866683815466128384e+18 6.859863081764814848e+18 6.851273170955318272e+18 6.840460983652024320e+18 6.826860584473261056e+18 6.809767088675933184e+18 6.788305633173918720e+18 6.761395225442278400e+18 6.727707756729240576e+18 6.685623195924682752e+18 6.633183371321328640e+18 6.568051118316464128e+18 6.487482513976119296e+18 6.388324169997004800e+18 6.267054692982726656e+18 6.119899561088245760e+18 5.943049902474535936e+18 5.733018226777496576e+18 5.487153645667991552e+18 5.204307492493792256e+18 4.885581982338319360e+18 4.535009842482147328e+18 4.159888696121107456e+18 3.770447235480376832e+18 3.378582589069541376e+18 2.995695010854291968e+18 2.630184280120777728e+18 2.285805633459257600e+18 1.962258400228855040e+18 1.658304524962524160e+18 1.375362080875624192e+18 1.118106633122092032e+18 8.912090532505472000e+17 6.961731863425486080e+17 5.319083744858197760e+17 3.967351338419132800e+17 2.885467023383031040e+17 2.044045641876263360e+17 1.408640109155539520e+17 9.434045292398851200e+16 6.135390568316864000e+16 3.872582152662486400e+16 2.371125352219840800e+16 1.408053035318333600e+16 8.114620601320781000e+15 4.544466166718022000e+15 2.477692249991886500e+15 1.318121102366145500e+15 6.859608647273890000e+14 3.500693601046277500e+14 1.756877560611627500e+14 8.705186680765312500e+13 4.280368276133902344e+13 2.098737200590333984e+13 1.029408901746789648e+13 5.059478797330325195e+12 2.495619506586829102e+12 1.237635100752451172e+12 6.179970549248869629e+11 3.108959629581535645e+11 1.573847555254378052e+11 7.996190263056571960e+10 4.074445239254641724e+10 2.087515953005060577e+10 1.078102224417526054e+10 5.613486045501333237e+09 2.938915062656537056e+09 1.541242268507644653e+09 8.096574020097229481e+08 4.274755960202848911e+08 2.266596326474474967e+08 1.199950552810321599e+08 6.322006400191365182e+07 3.328653581295157969e+07 1.764965571759624034e+07 9.424509576944667846e+06 5.017510041546345688e+06 2.640652140953063034e+06 1.379334882325617131e+06 7.248200782579396619e+05
6.891744375419621376e+18 6.891678786882326528e+18 6.891596023227696128e+18 6.891491588128043008e+18 6.891359809376075776e+18 6.891193530390772736e+18 6.890983721766649856e+18 6.890718992978358272e+18 6.890384975179025408e+18 6.889963539715598336e+18 6.889431814487257088e+18 6.888760943628819456e+18 6.887914540942586880e+18 6.886846751347246080e+18 6.885499769779794944e+18 6.883800743390556160e+18 6.881657886691681280e+18 6.878955613306075136e+18 6.875548441838795776e+18 6.871253377676265472e+18 6.865840379141980160e+18 6.859020561617263616e+18 6.850431804430853120e+18 6.839621068897438720e+18 6.826022495388048384e+18 6.808931293405006848e+18 6.787472716666048512e+18 6.760565916682355712e+18 6.726882961242535936e+18 6.684804033960991744e+18 6.632371221667501056e+18 6.567247666680609792e+18 6.486689803915685888e+18 6.387544652561892352e+18 6.266291268396165120e+18 6.119155601999796224e+18 5.942329244342090752e+18 5.732325107009429504e+18 5.486492571307723776e+18 5.203683019535348736e+18 4.884998401577262080e+18 4.534470790696869888e+18 4.159396750751538688e+18 3.770003591464063488e+18 3.378186939742682624e+18 2.995345732350464000e+18 2.629878917288116736e+18 2.285541510948022784e+18 1.962033027632372736e+18 1.658115518368199424e+18 1.375206699614791680e+18 1.117981451691055616e+18 8.911101677981126400e+17 6.960966846514350080e+17 5.318505543817159040e+17 3.966925091344144000e+17 2.885160819585975040e+17 2.043831561898177600e+17 1.408494616818917920e+17 9.433085042972748800e+16 6.134775508676582400e+16 3.872200005765657600e+16 2.370895154648296800e+16 1.407918580328581600e+16 8.113858272162212000e+15 4.544045903040358000e+15 2.477466496092539500e+15 1.318002632125312500e+15 6.858999706614547500e+14 3.500386250888920000e+14 1.756724727554726875e+14 8.704434304110212500e+13 4.279999537120962500e+13 2.098556522086382812e+13 1.029320212269619922e+13 5.059042177140938477e+12 2.495403558571166992e+12 1.237527602673895752e+12 6.179431368843739014e+11 3.108687183868732300e+11 1.573709208691170349e+11 7.995486223843185425e+10 4.074085689064893341e+10 2.087330972964065933e+10 1.078006204318644142e+10 5.612983872717516899e+09 2.938651594694799900e+09 1.541104034797177076e+09 8.095846470119552612e+08 4.274370523221239448e+08 2.266391724015966654e+08 1.199842493466111720e+08 6.321438480798785388e+07 3.328354020927930623e+07 1.764805892667372152e+07 9.423655191362334415e+06 5.017057347412305884e+06 2.640415588012531865e+06 1.379211445695639122e+06 7.247547972985262750e+05
6.890675936377369600e+18 6.890610358962804736e+18 6.890527609343459328e+18 6.890423191954020352e+18 6.890291435549034496e+18 6.890125184761077760e+18 6.889915411715783680e+18 6.889650727819252736e+18 6.889316766661190656e+18 6.888895402662834176e+18 6.888363767601984512e+18 6.887693010506480640e+18 6.886846751347246080e+18 6.885779142816402432e+18 6.884432389648362496e+18 6.882733651341091840e+18 6.880591157961451520e+18 6.877889342717255680e+18 6.874482748858757120e+18 6.870188412765381632e+18 6.864776331712231424e+18 6.857957669970485248e+18 6.849370368110781440e+18 6.838561464022349824e+18 6.824965193639698432e+18 6.807876885357842432e+18 6.786421940245916672e+18 6.759519691551336448e+18 6.725842429782105088e+18 6.683770609411604480e+18 6.631346643417376768e+18 6.566234061307239424e+18 6.485689749433487360e+18 6.386561241049348096e+18 6.265328158579609600e+18 6.118217048592262144e+18 5.941420085917507584e+18 5.731450689239906304e+18 5.485658580058135552e+18 5.202895202478630912e+18 4.884262171897123840e+18 4.533790736616856576e+18 4.158776124274471424e+18 3.769443900210802688e+18 3.377687796950614528e+18 2.994905089530083840e+18 2.629493677194566656e+18 2.285208298471228928e+18 1.961748700924776704e+18 1.657877069954652160e+18 1.375010672039333120e+18 1.117823523585430656e+18 8.909854142745405440e+17 6.960001701896650240e+17 5.317776084248806400e+17 3.966387336027159040e+17 2.884774510332039680e+17 2.043561475754867520e+17 1.408311060963950720e+17 9.431873568938784000e+16 6.133999531031769600e+16 3.871717875772672000e+16 2.370604728146426800e+16 1.407748945957857000e+16 8.112896481714185000e+15 4.543515677924593000e+15 2.477181673992220000e+15 1.317853164502434500e+15 6.858231440298787500e+14 3.499998485701761250e+14 1.756531907751354375e+14 8.703485071222564062e+13 4.279534315786756250e+13 2.098328566965512109e+13 1.029208315746745508e+13 5.058491307055904297e+12 2.495131103633176270e+12 1.237391975850256104e+12 6.178751104206208496e+11 3.108343449994412231e+11 1.573534662999035950e+11 7.994597972387791443e+10 4.073632064630010986e+10 2.087097595207285309e+10 1.077885062297146225e+10 5.612350313958320618e+09 2.938319192039739132e+09 1.540929632137443542e+09 8.094928553450852633e+08 4.273884234287475348e+08 2.266133585693825483e+08 1.199706159334846288e+08 6.320721960048308223e+07 3.327976078958837688e+07 1.764604433519502729e+07 9.422577258195394650e+06 5.016486208033368923e+06 2.640117143013525754e+06 1.379055713933718391e+06 7.246724369581971550e+05
6.889328135579824128e+18 6.889262572195902464e+18 6.889179840281197568e+18 6.889075445232067584e+18 6.888943717016348672e+18 6.888777501797471232e+18 6.888567773632444416e+18 6.888303146363727872e+18 6.887969256654564352e+18 6.887547982804173824e+18 6.887016461482887168e+18 6.886345847890710528e+18 6.885499769779794944e+18 6.884432389648362496e+18 6.883085924591644672e+18 6.881387549682265088e+18 6.879245514607460352e+18 6.876544277279922176e+18 6.873138412037905408e+18 6.868844994356038656e+18 6.863434070643694592e+18 6.856616866842551296e+18 6.848031400774897664e+18 6.837224806922469376e+18 6.823631441765421056e+18 6.806546783672524800e+18 6.785096419585526784e+18 6.758199911999220736e+18 6.724529832415364096e+18 6.682466976990062592e+18 6.630054170077691904e+18 6.564955429593336832e+18 6.484428211345928192e+18 6.385320697046209536e+18 6.264113223909818368e+18 6.117033090309897216e+18 5.940273207595351040e+18 5.730347634152659968e+18 5.484606520661344256e+18 5.201901389265743872e+18 4.883333433513612288e+18 4.532932861165145088e+18 4.157993214410294784e+18 3.768737858226558976e+18 3.377058135156929024e+18 2.994349223968003072e+18 2.629007700891679232e+18 2.284787953852690944e+18 1.961390024602204416e+18 1.657576268072419840e+18 1.374763383214276352e+18 1.117624296702059520e+18 8.908280368364021760e+17 6.958784161945968640e+17 5.316855860821644800e+17 3.965708948270288640e+17 2.884287173084629120e+17 2.043220755123482880e+17 1.408079499352267360e+17 9.430345247093465600e+16 6.133020599392775200e+16 3.871109643092105600e+16 2.370238337628947200e+16 1.407534940912992600e+16 8.111683113960178000e+15 4.542846758749755000e+15 2.476822348652752000e+15 1.317664599317088000e+15 6.857262212578990000e+14 3.499509290739945625e+14 1.756288651828736250e+14 8.702287548886689062e+13 4.278947403148327344e+13 2.098040981944762891e+13 1.029067147903851562e+13 5.057796330938125977e+12 2.494787374734070801e+12 1.237220869220566650e+12 6.177892884702360840e+11 3.107909797727809448e+11 1.573314458062351379e+11 7.993477368026724243e+10 4.073059781522112274e+10 2.086803172270412827e+10 1.077732233707624817e+10 5.611551041612082481e+09 2.937899845084471226e+09 1.540709610778226376e+09 8.093770530844191313e+08 4.273270741639814973e+08 2.265807922701222301e+08 1.199534162057074159e+08 6.319818006204141676e+07 3.327499272841940820e+07 1.764350276557018235e+07 9.421217362418815494e+06 5.015765672424610704e+06 2.639740632667429280e+06 1.378859247784519568e+06 7.245685343914106488e+05
6.887628075885024256e+18 6.887562530198279168e+18 6.887479820614847488e+18 6.887375453744039936e+18 6.887243761084035072e+18 6.887077590729119744e+18 6.886867919172374528e+18 6.886603363329229824e+18 6.886269563739594752e+18 6.885848403593977856e+18 6.885317025733670912e+18 6.884646593143653376e+18 6.883800743390556160e+18 6.882733651341091840e+18 6.881387549682265088e+18 6.879689633134046208e+18 6.877548176129939456e+18 6.874847667741850624e+18 6.871442721519603712e+18 6.867150462248865792e+18 6.861740998312276992e+18 6.854925633436700672e+18 6.846342482882153472e+18 6.835538802962804736e+18 6.821949102203428864e+18 6.804869048135407616e+18 6.783424462142956544e+18 6.756535195872984064e+18 6.722874175249017856e+18 6.680822627473215488e+18 6.628423895800210432e+18 6.563342614119015424e+18 6.482836956500987904e+18 6.383755922570522624e+18 6.262580751127613440e+18 6.115539688823693312e+18 5.938826576017188864e+18 5.728956278006192128e+18 5.483279486872799232e+18 5.200647823288920064e+18 4.882161948837750784e+18 4.531850758947016704e+18 4.157005670010036224e+18 3.767847271693747712e+18 3.376263891883259392e+18 2.993648064884727808e+18 2.628394698013167104e+18 2.284257736850831104e+18 1.960937594150216448e+18 1.657196838737083648e+18 1.374451453861276416e+18 1.117372991736951680e+18 8.906295201934492160e+17 6.957248346352668160e+17 5.315695078914944640e+17 3.964853218128824320e+17 2.883672435323102720e+17 2.042790961328921280e+17 1.407787400236739680e+17 9.428417362023584000e+16 6.131785728704295200e+16 3.870342384566424800e+16 2.369776149230234400e+16 1.407264979609851600e+16 8.110152476536406000e+15 4.542002927756219000e+15 2.476369063930463000e+15 1.317426726100803500e+15 6.856039540351207500e+14 3.498892176186768125e+14 1.755981787642155625e+14 8.700776895609684375e+13 4.278207024792313281e+13 2.097678197014718750e+13 1.028889065183438477e+13 5.056919616729216797e+12 2.494353758539547363e+12 1.237005016891443115e+12 6.176810234878431396e+11 3.107362743412470093e+11 1.573036669182662659e+11 7.992063727828485107e+10 4.072337850403036499e+10 2.086431761683812332e+10 1.077539443523064613e+10 5.610542780608229637e+09 2.937370852015956879e+09 1.540432060118696690e+09 8.092309710405817032e+08 4.272496830612542033e+08 2.265397102500680983e+08 1.199317188680243343e+08 6.318677672432936728e+07 3.326897784607728943e+07 1.764029659924037009e+07 9.419501869962729514e+06 5.014856725559487939e+06 2.639265670065642800e+06 1.378611409518192057e+06 7.244374640082570259e+05
