1.371509378071027398e+08 1.453116041701761186e+08 1.555315494361989796e+08 1.675861442557849884e+08 1.814056320673010349e+08 1.969551082555898726e+08 2.142030934566508234e+08 2.331047552613409758e+08 2.535884271922528148e+08 2.755447746510455608e+08 2.988159343562341332e+08 3.231843795289055705e+08 3.483619505596307516e+08 3.739743031665689945e+08 3.995526481967907548e+08 4.245214046486935616e+08 4.481836201376765370e+08 4.697211929886915684e+08 4.881864528248462081e+08 5.025340633228840828e+08 5.116311402175862193e+08 5.143343351899921298e+08 5.096026062965261936e+08 4.966667756080837846e+08 4.752706959926816821e+08 4.458875653083126545e+08 4.099732188788858652e+08 3.701456643963006139e+08 3.296504304840420485e+08 2.922914907761809826e+08 2.607806245481519103e+08 2.362542346349495053e+08 2.168980704150510728e+08 1.979057134852719605e+08 1.738007715118359625e+08 1.433428620238164961e+08 1.128685786650668532e+08 9.110358403977186978e+07 7.897348985562981665e+07 6.739119481424942613e+07 5.107708979516687244e+07 3.840366189296675473e+07 3.171294821244635060e+07 2.355414126455079019e+07 1.728337463186283410e+07 1.306307212623401172e+07 9.206681952475819737e+06 6.624693295389398001e+06 4.628404032807728276e+06 3.173062292241981253e+06 2.154403256132279057e+06 1.434423736756295664e+06 9.351068388469923520e+05 5.966150946429533651e+05 3.722519081971009728e+05 2.268883082736649085e+05 1.349668315702415421e+05 7.825641642032460368e+04 4.417441752325300331e+04 2.424993432780622607e+04 1.293277493450277871e+04 6.694243011067451334e+03 3.360537429953573337e+03 1.635169031349109900e+03 7.708881253642271076e+02 3.521017324345892803e+02 1.558714954760940259e+02 6.693881764094334130e+01 2.792697401468896601e+01 1.134013626533142727e+01 4.491470361449787063e+00 1.739280813712063001e+00 6.603890430471204276e-01 2.467161162591658130e-01 9.104904125597917952e-02 3.332083332884738791e-02 1.213314980663497168e-02 4.408087237906853709e-03 1.601662609227836589e-03 5.832023429962649667e-04 2.131490731686670498e-04 7.825532906412452968e-05 2.885595310611999183e-05 1.068074619243251274e-05 3.968301265505100584e-06 1.481032476746281293e-06 5.557081084667045761e-07 2.096401407745052166e-07 7.943111101769794346e-08 3.019125460797886566e-08 1.150883919012401841e-08 4.399529059007615657e-09 1.684038261842567574e-09 6.439602426387444642e-10 2.460301126535611817e-10 9.409456093724154626e-11 3.608491146418790809e-11 1.386581109449046507e-11 5.321204587722238760e-12 2.034663630018280420e-12
1.453116041701761186e+08 1.513805810273399353e+08 1.602371036387225986e+08 1.713295839660566151e+08 1.843888728620868623e+08 1.993156088335299492e+08 2.160454670147424638e+08 2.345129230818838775e+08 2.546327779285217226e+08 2.762855638147487640e+08 2.993050523533343077e+08 3.234673670018069148e+08 3.484783343305631280e+08 3.739584630673121810e+08 3.994344615763025880e+08 4.243255349331538081e+08 4.479331451375277638e+08 4.694352987294387817e+08 4.878826629640535712e+08 5.022277282933374047e+08 5.113342856382839680e+08 5.140607182223532796e+08 5.093625131957804561e+08 4.964695092135342956e+08 4.751230549831029177e+08 4.457892530994222760e+08 4.099272203791638613e+08 3.701362954016602635e+08 3.296724204144308567e+08 2.923238305230397582e+08 2.608126787358378768e+08 2.362728712129696608e+08 2.168985430715721846e+08 1.978925283270727396e+08 1.737869421873919070e+08 1.433408791747369766e+08 1.128779522711499482e+08 9.111235986418339610e+07 7.897326543424507976e+07 6.738698721735462546e+07 5.107838951294187456e+07 3.840583678599990904e+07 3.171170991521792486e+07 2.355443626020209491e+07 1.728361750423043966e+07 1.306290763053485937e+07 9.206763193693820387e+06 6.624683167725985870e+06 4.628376506435475312e+06 3.173064187213251833e+06 2.154400073865033686e+06 1.434419537813461851e+06 9.351039153256848222e+05 5.966130264370104996e+05 3.722505294903235044e+05 2.268874342976152548e+05 1.349662955695883138e+05 7.825609901385112607e+04 4.417423587456263340e+04 2.424983381217337956e+04 1.293272115662529359e+04 6.694215196860717697e+03 3.360523523688520072e+03 1.635162310258602474e+03 7.708849848741970163e+02 3.521003130920040576e+02 1.558708744457157991e+02 6.693855419938122964e+01 2.792686546373809620e+01 1.134009271930971963e+01 4.491453312826703126e+00 1.739274281787754894e+00 6.603865857616449953e-01 2.467152049184354601e-01 9.104870663484855575e-02 3.332071122960633680e-02 1.213310539718472428e-02 4.408071097370251136e-03 1.601656734613471312e-03 5.832001978726317724e-04 2.131482863521204547e-04 7.825503910415173572e-05 2.885584582179303122e-05 1.068070636018454758e-05 3.968286418282483208e-06 1.481026914588392810e-06 5.557060128060029132e-07 2.096393471478746713e-07 7.943080940521173464e-08 3.019113967930345339e-08 1.150879526955874921e-08 4.399512231919843237e-09 1.684031813524980159e-09 6.439577768942344328e-10 2.460291705827972882e-10 9.409420021686224116e-11 3.608477288365705538e-11 1.386575781713916777e-11 5.321184174903398530e-12 2.034655842040857406e-12
1.555315494361989796e+08 1.602371036387225986e+08 1.667547893989347816e+08 1.763241735962610245e+08 1.883114360502710938e+08 2.023943364424763024e+08 2.184362192858797312e+08 2.363345139517055750e+08 2.559813029367765784e+08 2.772415303487209678e+08 2.999370741217721105e+08 3.238348924951874614e+08 3.486323108509805202e+08 3.739433710199843049e+08 3.992885494429414272e+08 4.240807324861943722e+08 4.476187449198544025e+08 4.690755643996011019e+08 4.875002979549321532e+08 5.018415478476971984e+08 5.109602747712700367e+08 5.137156844319987893e+08 5.090597319475820661e+08 4.962207653434613347e+08 4.749366899389256239e+08 4.456654079087994099e+08 4.098690049223229885e+08 3.701245782749168873e+08 3.297000575807680488e+08 2.923645972383964062e+08 2.608530050507611930e+08 2.362963608617214561e+08 2.168991334359759092e+08 1.978759081231093705e+08 1.737695063257542849e+08 1.433383995597847104e+08 1.128897735033576936e+08 9.112343639040021598e+07 7.897298321033123136e+07 6.738167981930239499e+07 5.108002832423924655e+07 3.840858210751970112e+07 3.171015076470538601e+07 2.355480789191996306e+07 1.728392353725247458e+07 1.306269999211914279e+07 9.206865742453232408e+06 6.624670363458162174e+06 4.628341863536381163e+06 3.173066580826145597e+06 2.154396058481957763e+06 1.434414239714799915e+06 9.351002264060003217e+05 5.966104168358363677e+05 3.722487898756313953e+05 2.268863315310795733e+05 1.349656192503838683e+05 7.825569851247231418e+04 4.417400667069318297e+04 2.424970698144276321e+04 1.293265329942599783e+04 6.694180100646146457e+03 3.360505976590780847e+03 1.635153829482657784e+03 7.708810221470810120e+02 3.520985221368675298e+02 1.558700908161098937e+02 6.693822178290508873e+01 2.792672849172573635e+01 1.134003777201159302e+01 4.491431800543873365e+00 1.739266039697806798e+00 6.603834851271177531e-01 2.467140549804221206e-01 9.104828440689445579e-02 3.332055716330009631e-02 1.213304936071995903e-02 4.408050731004820207e-03 1.601649321941120158e-03 5.831974911275281115e-04 2.131472935380676701e-04 7.825467322998080986e-05 2.885571044968336736e-05 1.068065609966826343e-05 3.968267684019299500e-06 1.481019896253266931e-06 5.557033685028800408e-07 2.096383457515459653e-07 7.943042883115356235e-08 3.019099466194313935e-08 1.150873985022939503e-08 4.399490999299197264e-09 1.684023676941633064e-09 6.439546655759726150e-10 2.460279818609581905e-10 9.409374505332460385e-11 3.608459802024709171e-11 1.386569059086319076e-11 5.321158417684871689e-12 2.034646015058945970e-12
1.675861442557849884e+08 1.713295839660566151e+08 1.763241735962610245e+08 1.832799072263851464e+08 1.935679925238256752e+08 2.064591370285521150e+08 2.215669893939075172e+08 2.387084626509906948e+08 2.577339755662829280e+08 2.784827205920799971e+08 3.007588625880641937e+08 3.243154958507732153e+08 3.488381641979035139e+08 3.739322403434697986e+08 3.991096323596163392e+08 4.237756864155340195e+08 4.472245831158826947e+08 4.686233791751669049e+08 4.870192006774307489e+08 5.013549168442074656e+08 5.104892031266470551e+08 5.132806910138366222e+08 5.086779551282584071e+08 4.959071447561042309e+08 4.747014237622379661e+08 4.455094119422587156e+08 4.097952708143430948e+08 3.701099282613288164e+08 3.297347543415822983e+08 2.924159750735880136e+08 2.609037189128877819e+08 2.363259551990645230e+08 2.168998740923287272e+08 1.978549636960015893e+08 1.737475250314800739e+08 1.433353002050884962e+08 1.129046791313646883e+08 9.113741206447610259e+07 7.897262905036206543e+07 6.737498622029991448e+07 5.108209437272766978e+07 3.841204745644853264e+07 3.170818824863108248e+07 2.355527586858408898e+07 1.728430896398111433e+07 1.306243789276575111e+07 9.206995188131483272e+06 6.624654165602689609e+06 4.628298280442905612e+06 3.173069603042562027e+06 2.154390991370247211e+06 1.434407554507125169e+06 9.350955714467173675e+05 5.966071240540326107e+05 3.722465948414339800e+05 2.268849400603709801e+05 1.349647658672759717e+05 7.825519315607668250e+04 4.417371745837720664e+04 2.424954694453882621e+04 1.293256767606982066e+04 6.694135815546785125e+03 3.360483835262195498e+03 1.635143128222674477e+03 7.708760218670452105e+02 3.520962622558039357e+02 1.558691020074356857e+02 6.693780232891177207e+01 2.792655565590339251e+01 1.133996843771135410e+01 4.491404655665653500e+00 1.739255639584051272e+00 6.603795726623700180e-01 2.467126039608947552e-01 9.104775163066751442e-02 3.332036275895953331e-02 1.213297865238629168e-02 4.408025032101873554e-03 1.601639968387222378e-03 5.831940756642852624e-04 2.131460407711740839e-04 7.825421155757026302e-05 2.885553963273224123e-05 1.068059267938461742e-05 3.968244044575822813e-06 1.481011040325696145e-06 5.557000318538289437e-07 2.096370821660595580e-07 7.942994861467681520e-08 3.019081167600418859e-08 1.150866992069446546e-08 4.399464207338257655e-09 1.684013409931125168e-09 6.439507396039955768e-10 2.460264818876309267e-10 9.409317071069618831e-11 3.608437737097321760e-11 1.386560576225807785e-11 5.321125916306555962e-12 2.034633615037859438e-12
1.814056320673010349e+08 1.843888728620868623e+08 1.883114360502710938e+08 1.935679925238256752e+08 2.009378898602249622e+08 2.119361120357271433e+08 2.257222900227839351e+08 2.418341909328888357e+08 2.600317420932771564e+08 2.801071413609867096e+08 3.018358442950336337e+08 3.249493208489792347e+08 3.491166882649850249e+08 3.739309642480497360e+08 3.988923712537916303e+08 4.233969524249401689e+08 4.467312714454236031e+08 4.680557433993652463e+08 4.864141786274693012e+08 5.007420515369742513e+08 5.098960463600239158e+08 5.127324433503243327e+08 5.081966751068502665e+08 4.955117769701509476e+08 4.744043927749069929e+08 4.453129285302891731e+08 4.097017908972530961e+08 3.700916062460832000e+08 3.297782532190354466e+08 2.924807069666427970e+08 2.609674685990207791e+08 2.363632267068127692e+08 2.169008096284910440e+08 1.978285792044153810e+08 1.737198154496734440e+08 1.433314267069388330e+08 1.129234699899177700e+08 9.115503892640221119e+07 7.897218618603098392e+07 6.736654587748450041e+07 5.108469839137038589e+07 3.841642154552908242e+07 3.170571892453787476e+07 2.355586485374028981e+07 1.728479413335973769e+07 1.306210709708583355e+07 9.207158590514337644e+06 6.624633660175582394e+06 4.628243473184110597e+06 3.173073417218432762e+06 2.154384596359480172e+06 1.434399118726809509e+06 9.350896971185163129e+05 5.966029691560311476e+05 3.722438251156521146e+05 2.268831842751903168e+05 1.349636890478983987e+05 7.825455548349241144e+04 4.417335252156358911e+04 2.424934500483649390e+04 1.293245963365707939e+04 6.694079935078993913e+03 3.360455896511994069e+03 1.635129624946129979e+03 7.708697123015429042e+02 3.520934106369468850e+02 1.558678542826314981e+02 6.693727304175847337e+01 2.792633756324473993e+01 1.133988094830716875e+01 4.491370402950593643e+00 1.739242516233948876e+00 6.603746357395604560e-01 2.467107730034462931e-01 9.104707935275589692e-02 3.332011745244461975e-02 1.213288942989514639e-02 4.407992604107722513e-03 1.601628165628265566e-03 5.831897658603657020e-04 2.131444599645023765e-04 7.825362899482691062e-05 2.885532408683656787e-05 1.068051265235542795e-05 3.968214215122961205e-06 1.480999865479679973e-06 5.556958215119477863e-07 2.096354877165977652e-07 7.942934265674074802e-08 3.019058077690878422e-08 1.150858168082426068e-08 4.399430400049812919e-09 1.684000454516370074e-09 6.439457856105364007e-10 2.460245891410022155e-10 9.409244597375769337e-11 3.608409894348476592e-11 1.386549872080728311e-11 5.321084904288729712e-12 2.034617968032797560e-12
1.969551082555898726e+08 1.993156088335299492e+08 2.023943364424763024e+08 2.064591370285521150e+08 2.119361120357271433e+08 2.196790501389770806e+08 2.313606415657027066e+08 2.460118041888702810e+08 2.630797591812267005e+08 2.822554007031520009e+08 3.032611476275476813e+08 3.257940158588840961e+08 3.494989074990184307e+08 3.739501566481595635e+08 3.986321622867584229e+08 4.229289005471220613e+08 4.461153525625873208e+08 4.673443492449232340e+08 4.856538672710902691e+08 4.999707806063753963e+08 5.091494140049187541e+08 5.120417176470441222e+08 5.075901403864796162e+08 4.950134298950024843e+08 4.740293264440887570e+08 4.450654495630055070e+08 4.095831348404616714e+08 3.700686684735850692e+08 3.298326895992938280e+08 2.925622327608282566e+08 2.610475661610428095e+08 2.364101533456672728e+08 2.169020034721014202e+08 1.977953566265370846e+08 1.736848889013414383e+08 1.433265845905092657e+08 1.129471519366397411e+08 9.117726180282850564e+07 7.897163520318514109e+07 6.735590540266178548e+07 5.108797925855920464e+07 3.842194252131482959e+07 3.170261335361985862e+07 2.355660564560113102e+07 1.728540455292028189e+07 1.306168968968400732e+07 9.207364872814757749e+06 6.624607680779433809e+06 4.628174585447742604e+06 3.173078229389618617e+06 2.154376524942894932e+06 1.434388473884101724e+06 9.350822837482198374e+05 5.965977264485170599e+05 3.722403302577612922e+05 2.268809688044217764e+05 1.349623302992015088e+05 7.825375085511617362e+04 4.417289203567802906e+04 2.424909019205905497e+04 1.293232330272288345e+04 6.694009423471394257e+03 3.360420642546517684e+03 1.635112586060744434e+03 7.708617506603405900e+02 3.520898123508213757e+02 1.558662798504052489e+02 6.693660516349554257e+01 2.792606236376994389e+01 1.133977055001192191e+01 4.491327181234782806e+00 1.739225956569290688e+00 6.603684061031052099e-01 2.467084626208565779e-01 9.104623104468612116e-02 3.331980791523266733e-02 1.213277684574711086e-02 4.407951685234429325e-03 1.601613272398528642e-03 5.831843275464857488e-04 2.131424652233874692e-04 7.825289388689128710e-05 2.885505209962064906e-05 1.068041167000240942e-05 3.968176574757877979e-06 1.480985764490171311e-06 5.556905086954300488e-07 2.096334757649773032e-07 7.942857803173954930e-08 3.019028941853633397e-08 1.150847033620545114e-08 4.399387740689704753e-09 1.683984106811443646e-09 6.439395344258143852e-10 2.460222007781150737e-10 9.409153146295721427e-11 3.608374760892328662e-11 1.386536365015877050e-11 5.321033153104275752e-12 2.034598223804965969e-12
2.142030934566508234e+08 2.160454670147424638e+08 2.184362192858797312e+08 2.215669893939075172e+08 2.257222900227839351e+08 2.313606415657027066e+08 2.394157273776372969e+08 2.517323345257980227e+08 2.671921747321878076e+08 2.851361868649105430e+08 3.051714891175644398e+08 3.269347053076381683e+08 3.500319950170672536e+08 3.740084545778878331e+08 3.983266991822361946e+08 4.223540125262880921e+08 4.453489269673230052e+08 4.664545039364842176e+08 4.846994214338880777e+08 4.990011156015285850e+08 5.082100259814343452e+08 5.111719181361232996e+08 5.068260464006666541e+08 4.943853961616674066e+08 4.735556791890326142e+08 4.447537184197603464e+08 4.094322926300715208e+08 3.700398937714906931e+08 3.299006562212674022e+08 2.926648581312953234e+08 2.611481488032323122e+08 2.364692249605383277e+08 2.169035504741377831e+08 1.977535498541545868e+08 1.736408784486864209e+08 1.433205277516041696e+08 1.129769861417448521e+08 9.120526710168871284e+07 7.897095441225454211e+07 6.734249719582058489e+07 5.109211074008283019e+07 3.842891096729610115e+07 3.169871008758593351e+07 2.355753649778074399e+07 1.728617218759708107e+07 1.306116311036147922e+07 9.207625304995520040e+06 6.624574733692729846e+06 4.628088049131771550e+06 3.173084299027793575e+06 2.154366336900755763e+06 1.434375041342894314e+06 9.350729277943313355e+05 5.965911111897253431e+05 3.722359204712591018e+05 2.268781733264851500e+05 1.349606158252755122e+05 7.825273556890769396e+04 4.417231098953468609e+04 2.424876866580520800e+04 1.293215127818513611e+04 6.693920450687327502e+03 3.360376158433431101e+03 1.635091086055607320e+03 7.708517044774474698e+02 3.520852719369517558e+02 1.558642931841079076e+02 6.693576241237667546e+01 2.792571510715673355e+01 1.133963124524902533e+01 4.491272642380651270e+00 1.739205060929929214e+00 6.603605453047577400e-01 2.467055472930838045e-01 9.104516061938336402e-02 3.331941733097128905e-02 1.213263478367482273e-02 4.407900052675632271e-03 1.601594479681938289e-03 5.831774652942559685e-04 2.131399481821977086e-04 7.825196629728419287e-05 2.885470889440254174e-05 1.068028424601458154e-05 3.968129078481057104e-06 1.480967971249076448e-06 5.556838047606563837e-07 2.096309370036105468e-07 7.942761319873116189e-08 3.018992177208408955e-08 1.150832983782167922e-08 4.399333911777778839e-09 1.683963478786356301e-09 6.439316464693342144e-10 2.460191870514989949e-10 9.409037749613273330e-11 3.608330428014255116e-11 1.386519321216612766e-11 5.320967851178335409e-12 2.034573309659797190e-12
2.331047552613409758e+08 2.345129230818838775e+08 2.363345139517055750e+08 2.387084626509906948e+08 2.418341909328888357e+08 2.460118041888702810e+08 2.517323345257980227e+08 2.600148796904297769e+08 2.728928486342185736e+08 2.890749228228051066e+08 3.077750509976004958e+08 3.285007138439269066e+08 3.507889348993642926e+08 3.741382273404935598e+08 3.979791571118941307e+08 4.216540748584287167e+08 4.443994333784415126e+08 4.653440598025968671e+08 4.835030794035923481e+08 4.977834882658490539e+08 5.070288792951958776e+08 5.100773277491298318e+08 5.058639157950353026e+08 4.935941040640686154e+08 4.729576708678779006e+08 4.443609913661902547e+08 4.092401744032319784e+08 3.700036756289185882e+08 3.299852614517117739e+08 2.927939593519577980e+08 2.612743773009610474e+08 2.365435708129555881e+08 2.169055946017666161e+08 1.977009864451628029e+08 1.735854482070859373e+08 1.433129465741206110e+08 1.130145477399948686e+08 9.124054005164730549e+07 7.897012111702100933e+07 6.732561348428149521e+07 5.109730952396796644e+07 3.843770536310846359e+07 3.169380767948374152e+07 2.355870464037518203e+07 1.728713707859556004e+07 1.306049893770181388e+07 9.207953920331761241e+06 6.624532899193910882e+06 4.627979413570727222e+06 3.173091952905983664e+06 2.154353475881104358e+06 1.434358090611540247e+06 9.350611197657726007e+05 5.965827641189403366e+05 3.722303562961250427e+05 2.268746460348917753e+05 1.349584525194535963e+05 7.825145448686463351e+04 4.417157782699647942e+04 2.424836296387423499e+04 1.293193421716508237e+04 6.693808184428888126e+03 3.360320028119770996e+03 1.635063957204883991e+03 7.708390281252115983e+02 3.520795427922826661e+02 1.558617863786183761e+02 6.693469901315276616e+01 2.792527693107266984e+01 1.133945546703446361e+01 4.491203823788302962e+00 1.739178694225745669e+00 6.603506263266289977e-01 2.467018686517425397e-01 9.104380992866902000e-02 3.331892448235274778e-02 1.213245552670821209e-02 4.407834901754261771e-03 1.601570766735194509e-03 5.831688063824119186e-04 2.131367721224878273e-04 7.825079584006476563e-05 2.885427582799359220e-05 1.068012345846484723e-05 3.968069146164337793e-06 1.480945519170847532e-06 5.556753455278065171e-07 2.096277335194172134e-07 7.942639574561626592e-08 3.018945786631339241e-08 1.150815255366052009e-08 4.399265989317301342e-09 1.683937449955623096e-09 6.439216933062241233e-10 2.460153842675887584e-10 9.408892139200396745e-11 3.608274487558648578e-11 1.386497814846601042e-11 5.320885451188205124e-12 2.034541872202655917e-12
2.535884271922528148e+08 2.546327779285217226e+08 2.559813029367765784e+08 2.577339755662829280e+08 2.600317420932771564e+08 2.630797591812267005e+08 2.671921747321878076e+08 2.728928486342185736e+08 2.812916260108453631e+08 2.946264956443217397e+08 3.114056661771913171e+08 3.306958693715949059e+08 3.518864790995340943e+08 3.743961392914508581e+08 3.976037172230687737e+08 4.208126538179725409e+08 4.432299541716254950e+08 4.639625824512289762e+08 4.820067136225351691e+08 4.962565725109117627e+08 5.055450926078979969e+08 5.087010181505401731e+08 5.046531234380756021e+08 4.925973914530130625e+08 4.722030930876570344e+08 4.438660869688059092e+08 4.089950028021939993e+08 3.699578577447072268e+08 3.300901664462667704e+08 2.929562280123219490e+08 2.614326783024801314e+08 2.366370990846855342e+08 2.169083423938976526e+08 1.976349725352640152e+08 1.735156825884953141e+08 1.433034532143829465e+08 1.130617955412394404e+08 9.128493454679787159e+07 7.896911376195546985e+07 6.730437803032466769e+07 5.110384417915435135e+07 3.844880066444682330e+07 3.168765506877845526e+07 2.356016843315090612e+07 1.728834937702582777e+07 1.305966134636211768e+07 9.208368030005538836e+06 6.624479700068940409e+06 4.627843137334982865e+06 3.173101602923167404e+06 2.154337238505215384e+06 1.434336699463133700e+06 9.350462163776941597e+05 5.965722319769345922e+05 3.722233356290964293e+05 2.268701954090720101e+05 1.349557229168405465e+05 7.824983804566484469e+04 4.417065273600824003e+04 2.424785105544502221e+04 1.293166033239039098e+04 6.693666528103537530e+03 3.360249203428162673e+03 1.635029726255029800e+03 7.708230332072790816e+02 3.520723137989812699e+02 1.558586233013466540e+02 6.693335721584766418e+01 2.792472403875741449e+01 1.133923366880667594e+01 4.491116987806651473e+00 1.739145424408343521e+00 6.603381104339481888e-01 2.466972268953721847e-01 9.104210561120985867e-02 3.331830260099075819e-02 1.213222933886720818e-02 4.407752693987428312e-03 1.601540845685561114e-03 5.831578805719870185e-04 2.131327645659006266e-04 7.824931894980560179e-05 2.885372938044366976e-05 1.067992057468807060e-05 3.967993522705253994e-06 1.480917188800691317e-06 5.556646715416745959e-07 2.096236913178451585e-07 7.942485954767172040e-08 3.018887250487129368e-08 1.150792885490350106e-08 4.399180284295678073e-09 1.683904606660940295e-09 6.439091343847149112e-10 2.460105859108339894e-10 9.408708407353150170e-11 3.608203901439252324e-11 1.386470677872585569e-11 5.320781477800970390e-12 2.034502203965042528e-12
2.755447746510455608e+08 2.762855638147487640e+08 2.772415303487209678e+08 2.784827205920799971e+08 2.801071413609867096e+08 2.822554007031520009e+08 2.851361868649105430e+08 2.890749228228051066e+08 2.946264956443217397e+08 3.029968708848028183e+08 3.166483976272130609e+08 3.338578454618295431e+08 3.535180937943178415e+08 3.748817173106647134e+08 3.972352426070056558e+08 4.198202091071635485e+08 4.418013142171464562e+08 4.622513583465313911e+08 4.801402981994856596e+08 4.943450669175366163e+08 5.036834567620009780e+08 5.069722491455541849e+08 5.031305055047143102e+08 4.913423725067028999e+08 4.712516347378194928e+08 4.432421551030671597e+08 4.086817827623533010e+08 3.698994789406462312e+08 3.302195806584154367e+08 2.931599568517826796e+08 2.616310356947425008e+08 2.367546839181986749e+08 2.169120828610370457e+08 1.975521823249786496e+08 1.734279834403949976e+08 1.432915557953531146e+08 1.131211636594842374e+08 9.134076403950318694e+07 7.896791143390822411e+07 6.727770861481571198e+07 5.111204541486595571e+07 3.846279264986679703e+07 3.167994026593686640e+07 2.356199992097647488e+07 1.728987190317910537e+07 1.305860514070792869e+07 9.208889019178438932e+06 6.624411924081110395e+06 4.627672335579270497e+06 3.173113768806966022e+06 2.154316734787047841e+06 1.434309703487554565e+06 9.350274053403277649e+05 5.965589429217047291e+05 3.722144773445727769e+05 2.268645798295170534e+05 1.349522788244243129e+05 7.824779848409135593e+04 4.416948548929655954e+04 2.424720514606193683e+04 1.293131475275501180e+04 6.693487790062869863e+03 3.360159838663240407e+03 1.634986534484182584e+03 7.708028512011957218e+02 3.520631924258870527e+02 1.558546322024183155e+02 6.693166416181873046e+01 2.792402640744995068e+01 1.133895380621834370e+01 4.491007418817090091e+00 1.739103444715696334e+00 6.603223179206197946e-01 2.466913699388209591e-01 9.103995510821301373e-02 3.331751791355561099e-02 1.213194393637162354e-02 4.407648964907378078e-03 1.601503091635713555e-03 5.831440945371277589e-04 2.131277078979589685e-04 7.824745543164428612e-05 2.885303987844071861e-05 1.067966457724780218e-05 3.967898101320493916e-06 1.480881441608292895e-06 5.556512031262421599e-07 2.096185908759864533e-07 7.942292117729900473e-08 3.018813389815372632e-08 1.150764659311187618e-08 4.399072142369297780e-09 1.683863165320557665e-09 6.438932876926959114e-10 2.460045314160726125e-10 9.408476577396750609e-11 3.608114836750969968e-11 1.386436436670735543e-11 5.320650284754112682e-12 2.034452150719669861e-12
2.988159343562341332e+08 2.993050523533343077e+08 2.999370741217721105e+08 3.007588625880641937e+08 3.018358442950336337e+08 3.032611476275476813e+08 3.051714891175644398e+08 3.077750509976004958e+08 3.114056661771913171e+08 3.166483976272130609e+08 3.248107466506119370e+08 3.385980349213351011e+08 3.560205030247700214e+08 3.757727138649703860e+08 3.969490996247012019e+08 4.186848331453876495e+08 4.400765766262964606e+08 4.601443593471480012e+08 4.778206120773981810e+08 4.919575909403665662e+08 5.013518018071179390e+08 5.048031709104791284e+08 5.012175142237256765e+08 4.897628228022658825e+08 4.700528283329779506e+08 4.424550716122429967e+08 4.082816984241122603e+08 3.698243712245915532e+08 3.303781572029404640e+08 2.934153619107027054e+08 2.618793469509443939e+08 2.369023851275702715e+08 2.169171886914518476e+08 1.974485304138666689e+08 1.733179661175460219e+08 1.432766326546199918e+08 1.131956670129045248e+08 9.141091507517418265e+07 7.896649810131037235e+07 6.724427110567168891e+07 5.112231738030342013e+07 3.848042112283752859e+07 3.167027679057519883e+07 2.356428730470021442e+07 1.729178337663955241e+07 1.305727323531900533e+07 9.209543264295343310e+06 6.624325385567956604e+06 4.627458475895071402e+06 3.173129107723148074e+06 2.154290837549237534e+06 1.434275632264773129e+06 9.350036608345683198e+05 5.965421755149270175e+05 3.722033006374204997e+05 2.268574944822749239e+05 1.349479332891124650e+05 7.824522508655212005e+04 4.416801272223584238e+04 2.424639017129519198e+04 1.293087871739093316e+04 6.693262266760210878e+03 3.360047082201135254e+03 1.634932036973141521e+03 7.707773863961751886e+02 3.520516834569110642e+02 1.558495963999333469e+02 6.692952793547395629e+01 2.792314616210562406e+01 1.133860068467053495e+01 4.490869167764107495e+00 1.739050475782561112e+00 6.603023912797936212e-01 2.466839797531269751e-01 9.103724164747926950e-02 3.331652781141961062e-02 1.213158382188283917e-02 4.407518082085120845e-03 1.601455454593596166e-03 5.831266997294230585e-04 2.131213275600801424e-04 7.824510411040720573e-05 2.885216988804936901e-05 1.067934156710672878e-05 3.967777701054688519e-06 1.480836336628560453e-06 5.556342089732645976e-07 2.096121552473022979e-07 7.942047538280392270e-08 3.018720194045563104e-08 1.150729044179303079e-08 4.398935691617741672e-09 1.683810875761287270e-09 6.438732928009653291e-10 2.459968920460678268e-10 9.408184062322316926e-11 3.608002458037112787e-11 1.386393232202265750e-11 5.320484748975842440e-12 2.034388994760135963e-12
3.231843795289055705e+08 3.234673670018069148e+08 3.238348924951874614e+08 3.243154958507732153e+08 3.249493208489792347e+08 3.257940158588840961e+08 3.269347053076381683e+08 3.285007138439269066e+08 3.306958693715949059e+08 3.338578454618295431e+08 3.385980349213351011e+08 3.463310686344317794e+08 3.600294964204732180e+08 3.773976753535298705e+08 3.968993781990737319e+08 4.174522767844657302e+08 4.380303876529176235e+08 4.575716329267680645e+08 4.749519151164712906e+08 4.889852328764452934e+08 4.984379865489250422e+08 5.020857153170230985e+08 4.988169213925572038e+08 4.877759452658737898e+08 4.685434948891723156e+08 4.414613290193685889e+08 4.077709592365269065e+08 3.697265189675517678e+08 3.305707823178212047e+08 2.937349298635432124e+08 2.621898435893814564e+08 2.370877572034524977e+08 2.169241540277227163e+08 1.973190260492906272e+08 1.731802942102422416e+08 1.432578895538219213e+08 1.132890221183439046e+08 9.149899102701082826e+07 7.896487493406298757e+07 6.720242370239619911e+07 5.113514889531182498e+07 3.850260004794648290e+07 3.165818766047807783e+07 2.356713751724210009e+07 1.729418251264487579e+07 1.305559340428979322e+07 9.210363214845916256e+06 6.624214593955974095e+06 4.627191000358978286e+06 3.173148454082867596e+06 2.154258117476383224e+06 1.434232629942791769e+06 9.349736870182147250e+05 5.965210194845999358e+05 3.721891988986712531e+05 2.268485547998259426e+05 1.349424504433177353e+05 7.824197817008338461e+04 4.416615449190424988e+04 2.424536189282404303e+04 1.293032855706782175e+04 6.692977715962010734e+03 3.359904813117325830e+03 1.634863275319612740e+03 7.707452564206890884e+02 3.520371621172702703e+02 1.558432425202866227e+02 6.692683257151732334e+01 2.792203552026798974e+01 1.133815513518446139e+01 4.490694729473253766e+00 1.738983642001672880e+00 6.602772486873251800e-01 2.466746551121338504e-01 9.103381790786267691e-02 3.331527853875769496e-02 1.213112944359175972e-02 4.407352939488323740e-03 1.601395348224144430e-03 5.831047517556873019e-04 2.131132771595997590e-04 7.824213733436180605e-05 2.885107218121152740e-05 1.067893400984783208e-05 3.967625785757680894e-06 1.480779425171532517e-06 5.556127664680605187e-07 2.096040350339160164e-07 7.941738937802667238e-08 3.018602603368583671e-08 1.150684106466798173e-08 4.398763523859499609e-09 1.683744899110518759e-09 6.438480641667629449e-10 2.459872530574882570e-10 9.407814981558382227e-11 3.607860664559384311e-11 1.386338719129655742e-11 5.320275884269575035e-12 2.034309307490252967e-12
3.483619505596307516e+08 3.484783343305631280e+08 3.486323108509805202e+08 3.488381641979035139e+08 3.491166882649850249e+08 3.494989074990184307e+08 3.500319950170672536e+08 3.507889348993642926e+08 3.518864790995340943e+08 3.535180937943178415e+08 3.560205030247700214e+08 3.600294964204732180e+08 3.670721786589378119e+08 3.804105950605855584e+08 3.973999832975977063e+08 4.162464995836040378e+08 4.356704888983303308e+08 4.544695825174911022e+08 4.714293740586596131e+08 4.853008784739891291e+08 4.948066730581554174e+08 4.986883507402723432e+08 4.958091645722481012e+08 4.852785673023503423e+08 4.666445732630733848e+08 4.402052443647798896e+08 4.071191248364065289e+08 3.695970280765818954e+08 3.308028357068257928e+08 2.941337173459707499e+08 2.625774417729814351e+08 2.373202629606998861e+08 2.169337100179274976e+08 1.971576432506421208e+08 1.730084950545411408e+08 1.432342713293886781e+08 1.134057900385966897e+08 9.160948178408622742e+07 7.896307173188933730e+07 6.715014832451179624e+07 5.115112942873812467e+07 3.853045977998945117e+07 3.164309006903835014e+07 2.357067864759779721e+07 1.729719339213079959e+07 1.305347496147902682e+07 9.211388706319378689e+06 6.624072228486788459e+06 4.626856832611295395e+06 3.173172869549134281e+06 2.154216759217569139e+06 1.434178357120598201e+06 9.349358463542539394e+05 5.964943261057796190e+05 3.721714066891946713e+05 2.268372755296310643e+05 1.349355326692899107e+05 7.823788148452923633e+04 4.416380992796601640e+04 2.424406449201190480e+04 1.292963440680482563e+04 6.692618690916507148e+03 3.359725308315767506e+03 1.634776516760053255e+03 7.707047170739867852e+02 3.520188401032913248e+02 1.558352256378999812e+02 6.692343175066170602e+01 2.792063419158673909e+01 1.133759297269133981e+01 4.490474634942098753e+00 1.738899315302646631e+00 6.602455252292420695e-01 2.466628897936897213e-01 9.102949801454794654e-02 3.331370227145379059e-02 1.213055613270042424e-02 4.407144571298680230e-03 1.601319509284246422e-03 5.830770590482779736e-04 2.131031196423515772e-04 7.823839404103015720e-05 2.884968716628930868e-05 1.067841978170224768e-05 3.967434109071766005e-06 1.480707617795048272e-06 5.555857115622326969e-07 2.095937894023255551e-07 7.941349562533291939e-08 3.018454233796674306e-08 1.150627406477603591e-08 4.398546291984877463e-09 1.683661653472038988e-09 6.438162321339007944e-10 2.459750911552876018e-10 9.407349298218127406e-11 3.607681758587331052e-11 1.386269938170104137e-11 5.320012352932524717e-12 2.034208763199813141e-12
3.739743031665689945e+08 3.739584630673121810e+08 3.739433710199843049e+08 3.739322403434697986e+08 3.739309642480497360e+08 3.739501566481595635e+08 3.740084545778878331e+08 3.741382273404935598e+08 3.743961392914508581e+08 3.748817173106647134e+08 3.757727138649703860e+08 3.773976753535298705e+08 3.804105950605855584e+08 3.864572118465808034e+08 3.991200496637661457e+08 4.153573093787941933e+08 4.330813273153157830e+08 4.508025406779516935e+08 4.671469968487991095e+08 4.807608771278945208e+08 4.902983825293722153e+08 4.944531670001516342e+08 4.920479480724905133e+08 4.821441563896376491e+08 4.642572183350339532e+08 4.386154100959613919e+08 4.062868517897115946e+08 3.694224569750717878e+08 3.310800094905934930e+08 2.946292271626468301e+08 2.630599769065958261e+08 2.376116491830429733e+08 2.169469864636400938e+08 1.969572944634543061e+08 1.727947903639268577e+08 1.432043560130211115e+08 1.135515095833207369e+08 9.174791055070982873e+07 7.896116663779976964e+07 6.708498246853645891e+07 5.117096694439203292e+07 3.856539972737710178e+07 3.162429104398571327e+07 2.357506316997019574e+07 1.730097321798576787e+07 1.305080828394939378e+07 9.212668644334033132e+06 6.623888363152517937e+06 4.626439917053385638e+06 3.173203712190056685e+06 2.154164455280080903e+06 1.434109865052145673e+06 9.348880697474807967e+05 5.964606461373410420e+05 3.721489584058145410e+05 2.268230445195383800e+05 1.349268045167675009e+05 7.823271268535008130e+04 4.416085177870344341e+04 2.424242755085837052e+04 1.292875859010319073e+04 6.692165704428251047e+03 3.359498824454734404e+03 1.634667052055711565e+03 7.706535678584377820e+02 3.519957228772265125e+02 1.558251105858607559e+02 6.691914087171436165e+01 2.791886611036920129e+01 1.133688368309561412e+01 4.490196938215428979e+00 1.738792918589338710e+00 6.602054989442777133e-01 2.466480451489286296e-01 9.102404746638133315e-02 3.331171344135948342e-02 1.212983276639841186e-02 4.406881665952195812e-03 1.601223820754371077e-03 5.830421182802683708e-04 2.130903036040288339e-04 7.823367102738932883e-05 2.884793965976305508e-05 1.067777096931207288e-05 3.967192267092242637e-06 1.480617016995217928e-06 5.555515757278510879e-07 2.095808622043559412e-07 7.940858276020962070e-08 3.018267031255416529e-08 1.150555866294256552e-08 4.398272203551301261e-09 1.683556619828201993e-09 6.437760687008158531e-10 2.459597461399573490e-10 9.406761733285833685e-11 3.607456028553817869e-11 1.386183155685186518e-11 5.319679850324996477e-12 2.034081904694373608e-12
3.995526481967907548e+08 3.994344615763025880e+08 3.992885494429414272e+08 3.991096323596163392e+08 3.988923712537916303e+08 3.986321622867584229e+08 3.983266991822361946e+08 3.979791571118941307e+08 3.976037172230687737e+08 3.972352426070056558e+08 3.969490996247012019e+08 3.968993781990737319e+08 3.973999832975977063e+08 3.991200496637661457e+08 4.038297347629035711e+08 4.154600223281430006e+08 4.305216647286067009e+08 4.466099482040652037e+08 4.620201703896569610e+08 4.752148542238992453e+08 4.847325588682420850e+08 4.891934450823540092e+08 4.873548809395890236e+08 4.782188096182675362e+08 4.612580908135530353e+08 4.366012024519681334e+08 4.052227253007584214e+08 3.691820980315482616e+08 3.314073789707531929e+08 2.952408911036330462e+08 2.636585337644131184e+08 2.379759765734414458e+08 2.169658012398818135e+08 1.967099094026802182e+08 1.725299860042234361e+08 1.431663949199258089e+08 1.137327985282635391e+08 9.192098280850663781e+07 7.895933482453440130e+07 6.700397647582864761e+07 5.119549304964104295e+07 3.860915655142351985e+07 3.160097705154777318e+07 2.358047312952180952e+07 1.730572217465416715e+07 1.304746175004473142e+07 9.214263096947031096e+06 6.623649451586935669e+06 4.625920683915114962e+06 3.173242716930003371e+06 2.154098269074235577e+06 1.434023437403871911e+06 9.348277434655243997e+05 5.964181517499190522e+05 3.721206363004473969e+05 2.268050897512552328e+05 1.349157924757454894e+05 7.822619135263473436e+04 4.415711955231992033e+04 2.424036225561263927e+04 1.292765358710697910e+04 6.691594177647308243e+03 3.359213072206089237e+03 1.634528941308105004e+03 7.705890331719410824e+02 3.519665559527072105e+02 1.558123484458146493e+02 6.691372707569658473e+01 2.791663532478521503e+01 1.133598877392907589e+01 4.489846569209483107e+00 1.738658678293507620e+00 6.601549977472103148e-01 2.466293155757460498e-01 9.101717045755326752e-02 3.330920410976315194e-02 1.212892008494401153e-02 4.406549954439014857e-03 1.601103089191091783e-03 5.829980330700935834e-04 2.130741334712186964e-04 7.822771196200533695e-05 2.884573482086849624e-05 1.067695236093984276e-05 3.966887135216611422e-06 1.480502706283074730e-06 5.555085066116463652e-07 2.095645519289923813e-07 7.940238417034980221e-08 3.018030836307690934e-08 1.150465603406917456e-08 4.397926383583974176e-09 1.683424097830932492e-09 6.437253941090840556e-10 2.459403852102859477e-10 9.406020399163974785e-11 3.607171224115481157e-11 1.386073662014348110e-11 5.319260331557795284e-12 2.033921847632892762e-12
4.245214046486935616e+08 4.243255349331538081e+08 4.240807324861943722e+08 4.237756864155340195e+08 4.233969524249401689e+08 4.229289005471220613e+08 4.223540125262880921e+08 4.216540748584287167e+08 4.208126538179725409e+08 4.198202091071635485e+08 4.186848331453876495e+08 4.174522767844657302e+08 4.162464995836040378e+08 4.153573093787941933e+08 4.154600223281430006e+08 4.184572237729314566e+08 4.286701974187270999e+08 4.421122402322753072e+08 4.560363563913108110e+08 4.685269122238167524e+08 4.779150746289896369e+08 4.826930582942972183e+08 4.815168728974408507e+08 4.733169104355885386e+08 4.574935723354431391e+08 4.340497239050974250e+08 4.038587443365920782e+08 3.688442808304352760e+08 3.317877915929632783e+08 2.959892512611924410e+08 2.643978354164012372e+08 2.384297511278430820e+08 2.169930548917315602e+08 1.964065733911277354e+08 1.722034548719502389e+08 1.431182953925263286e+08 1.139573834305758774e+08 9.213681605780830979e+07 7.895793775308446586e+07 6.690369543122415245e+07 5.122566046879838407e+07 3.866387502841691673e+07 3.157221150107176602e+07 2.358712061168888956e+07 1.731169369696374983e+07 1.304327718789086491e+07 9.216246558553703129e+06 6.623336845945224166e+06 4.625275441468077712e+06 3.173291762637153734e+06 2.154014457846411504e+06 1.433914392032064497e+06 9.347515681248911424e+05 5.963645385884752031e+05 3.720849052778022015e+05 2.267824379887893738e+05 1.349018996049074922e+05 7.821796396199705487e+04 4.415241091487240192e+04 2.423775663603193607e+04 1.292625948707786483e+04 6.690873122191412222e+03 3.358852557241784325e+03 1.634354695383433864e+03 7.705076134206484539e+02 3.519297575919090377e+02 1.557962470916975803e+02 6.690689674750262839e+01 2.791382084573147537e+01 1.133485970784048646e+01 4.489404524686553266e+00 1.738489313587671781e+00 6.600912827677823946e-01 2.466056852606753613e-01 9.100849399025486008e-02 3.330603816964474578e-02 1.212776858278995055e-02 4.406131443757789826e-03 1.600950765702795729e-03 5.829424120884490069e-04 2.130537321296458299e-04 7.822019361199325212e-05 2.884295305624397999e-05 1.067591955495338569e-05 3.966502163287883166e-06 1.480358485722313182e-06 5.554541684288664323e-07 2.095439740350904559e-07 7.939456368144490828e-08 3.017732838763919357e-08 1.150351722205716470e-08 4.397490075564136251e-09 1.683256899725407553e-09 6.436614598152703224e-10 2.459159582357772566e-10 9.405085086520591190e-11 3.606811897987311023e-11 1.385935518520454076e-11 5.318731043073910200e-12 2.033719910928150336e-12
