2.828491599909156933e+07 3.167784959090147913e+07 3.565187153375688195e+07 4.014784242476161569e+07 4.515826126311545074e+07 5.068889605110193789e+07 5.674966612408854812e+07 6.334935718963626027e+07 7.049255070171803236e+07 7.817499800654742122e+07 8.638160563070489466e+07 9.508097091966009140e+07 1.042229711177511811e+08 1.137346539318662286e+08 1.235177830609225184e+08 1.334406824439769536e+08 1.433373645567636192e+08 1.529919411001742184e+08 1.621464811893072128e+08 1.704812789230378866e+08 1.776366426429529190e+08 1.831798651153144836e+08 1.866206018347592950e+08 1.874599306199492216e+08 1.851765900749241710e+08 1.794869463889378905e+08 1.700607794549440444e+08 1.574349015189832449e+08 1.421532481757370532e+08 1.258515835090565234e+08 1.103148397068858743e+08 9.736173921186819673e+07 8.844461095352487266e+07 8.335341267985866964e+07 7.921786442247390747e+07 7.121776221462357044e+07 5.733735770508991927e+07 4.244901434296883643e+07 3.415251637878774852e+07 3.303632669385172427e+07 2.860575451856893301e+07 1.906271352669365704e+07 1.553642061418095045e+07 1.391063102499855496e+07 8.903431980250943452e+06 7.793464760145987384e+06 5.185783207691129297e+06 4.151714303855784703e+06 2.819916179825744126e+06 2.024506223279311787e+06 1.435298907642413164e+06 9.831117427213024348e+05 6.618230032544825226e+05 4.380886381313056336e+05 2.846506695543490350e+05 1.813060875526063319e+05 1.130781135636223917e+05 6.899139703634403122e+04 4.113402581245132023e+04 2.394419132631509274e+04 1.359720045918879805e+04 7.526512361878347292e+03 4.058020750944305746e+03 2.129973722256397650e+03 1.087955831349946720e+03 5.406932850875383565e+02 2.614918674326640371e+02 1.231170721232100931e+02 5.647525391786690818e+01 2.526814743775457828e+01 1.104272098018405224e+01 4.721139229401805970e+00 1.978331480254498009e+00 8.143807822670887653e-01 3.301856993636994031e-01 1.321986852500164067e-01 5.239397758153576529e-02 2.059933566113658979e-02 8.049971949033661936e-03 3.132465775733550388e-03 1.215656017859732428e-03 4.710536010144819748e-04 1.823672025452719879e-04 7.056998245801380913e-05 2.731343037594614157e-05 1.058400074656799294e-05 4.110470252547536445e-06 1.600966291690608210e-06 6.254161002742106498e-07 2.450470211560558486e-07 9.634609530522748390e-08 3.804339496875195743e-08 1.508854213550571030e-08 6.002022284803617877e-09 2.392054647586295306e-09 9.573441112501530410e-10 3.849052001165504076e-10 1.554420893811985782e-10 6.293411466014552992e-11 2.544399792650108224e-11
3.167784959090147913e+07 3.495701326273674518e+07 3.911386690356932580e+07 4.397771550790468603e+07 4.946945249033024907e+07 5.557307159316604584e+07 6.228843231206949055e+07 6.961861531982932985e+07 7.756447266583502293e+07 8.611830098787404597e+07 9.526109289758116007e+07 1.049560442418841869e+08 1.151463919822263867e+08 1.257503860371463001e+08 1.366574667257697582e+08 1.477204431311802566e+08 1.587540085725126565e+08 1.695181309052934349e+08 1.797254522526250780e+08 1.890210541320428848e+08 1.970040909112461209e+08 2.031939470624946356e+08 2.070467858620212972e+08 2.080069573244122267e+08 2.054992946982306242e+08 1.992017917976781130e+08 1.887598245057182908e+08 1.747546256657090485e+08 1.578050488098922670e+08 1.397152724119591713e+08 1.224715413165814281e+08 1.080936829446912259e+08 9.819149997510193288e+07 9.253489830509427190e+07 8.793891429786397517e+07 7.905717941188652813e+07 6.365203997044410557e+07 4.712781589745409787e+07 3.791741506484669447e+07 3.667389855812839419e+07 3.175481091541779786e+07 2.116390835581260175e+07 1.724801600349808112e+07 1.544212527170242555e+07 9.884857055285390466e+06 8.651624089262412861e+06 5.757260709493220784e+06 4.608942485700742342e+06 3.130568478755554184e+06 2.247548210314766504e+06 1.593412405957674608e+06 1.091417804521720624e+06 7.347379338473035023e+05 4.863568625551752630e+05 3.160149750702070887e+05 2.012845812688411388e+05 1.255392929547506792e+05 7.659482779206101259e+04 4.566774080599306762e+04 2.658353717309962303e+04 1.509617436958041253e+04 8.356349270789498405e+03 4.505501454292955714e+03 2.364884464220549944e+03 1.207965676938449178e+03 6.003477545258149348e+02 2.903485983026913573e+02 1.367069631004890766e+02 6.271084979128259107e+01 2.805895707890310575e+01 1.226279647154374430e+01 5.242970388976815777e+00 2.197095552341060909e+00 9.044801917710572070e-01 3.667364965188388282e-01 1.468420159195788499e-01 5.820164738795936127e-02 2.288451045804699990e-02 8.943789330673083265e-03 3.480624132584677483e-03 1.350922758995887684e-03 5.235344624788680059e-04 2.027139807901356396e-04 7.845610795753121586e-05 3.037117127631085373e-05 1.177127715064356184e-05 4.572617042066574933e-06 1.781425719200956680e-06 6.961150336393003377e-07 2.728374169232025936e-07 1.073123073854840361e-07 4.239125101717978312e-08 1.682087554472538496e-08 6.694686749332731563e-09 2.669743489576674565e-09 1.069223006897540539e-09 4.302264924536051567e-10 1.739012860878872108e-10 7.048004402948647956e-11 2.852825096048294137e-11
3.565187153375688195e+07 3.911386690356932580e+07 4.311269945070716739e+07 4.818720880503436923e+07 5.411828564947587252e+07 6.079939409291405976e+07 6.820236855015207827e+07 7.631657679166054726e+07 8.513446247243897617e+07 9.464216344902196527e+07 1.048146149470147491e+08 1.156078782621616870e+08 1.269571221192535162e+08 1.387699639797751606e+08 1.509220689416754246e+08 1.632485722307537496e+08 1.755423543663453460e+08 1.875368014556593299e+08 1.989119561353184283e+08 2.092740323763266802e+08 2.181768725489975214e+08 2.250867810466613472e+08 2.294018545079596341e+08 2.305034650668892860e+08 2.277585603944683075e+08 2.208008015721025169e+08 2.092524533335351348e+08 1.937389887573633790e+08 1.749656983755125701e+08 1.549179419164471924e+08 1.358040380973185003e+08 1.198644015026737452e+08 1.088810268531096429e+08 1.026024631937939823e+08 9.749952092275062203e+07 8.765084101679766178e+07 7.057558636589531600e+07 5.225928671252582222e+07 4.204674572501803190e+07 4.066179471894421428e+07 3.520688864100455493e+07 2.346836999166413397e+07 1.912479430743240565e+07 1.712102119605129957e+07 1.096120577795123681e+07 9.592419759714083746e+06 6.383947842006454244e+06 5.110220003478476778e+06 3.471183590231134556e+06 2.492105744549723808e+06 1.766770031569842948e+06 1.210166489791934611e+06 8.146835029951015022e+05 5.392793475399457384e+05 3.504035706077400246e+05 2.231894831083092431e+05 1.392020243327146163e+05 8.493140602198769921e+04 5.063861001499362465e+04 2.947737597084077424e+04 1.673968318945963983e+04 9.266201074191374573e+03 4.996129291438271139e+03 2.622445829830729963e+03 1.339547134822129465e+03 6.657542351578763373e+02 3.219877549884241148e+02 1.516072186058887610e+02 6.954769379186241451e+01 3.111886164794680454e+01 1.360051369196204973e+01 5.815117298899119547e+00 2.436953142187596733e+00 1.003267081160506891e+00 4.068115487196663493e-01 1.628972620569559271e-01 6.456929242942129055e-02 2.539002057400921789e-02 9.923787600775717255e-03 3.862351314110626377e-03 1.499231587862399776e-03 5.810753580043158785e-04 2.250225111096294881e-04 8.710257316745445089e-05 3.372372044030862913e-05 1.307302183878357900e-05 5.079319909975650583e-06 1.979283155170561343e-06 7.736298944464950074e-07 3.033069689388377071e-07 1.193357023128799500e-07 4.715824562856605713e-08 1.872020327696705840e-08 7.454120918273503936e-09 2.974199314400543322e-09 1.191885698649725444e-09 4.799160212516818304e-10 1.941395594886404536e-10 7.875320046012236785e-11 3.190972517155586229e-11
4.014784242476161569e+07 4.397771550790468603e+07 4.818720880503436923e+07 5.304205894659430534e+07 5.921140365388764441e+07 6.641294143569853902e+07 7.450419212213282287e+07 8.343818856934250891e+07 9.318869508115935326e+07 1.037298825128398538e+08 1.150268521365806460e+08 1.270258017119158655e+08 1.396513943898975551e+08 1.527981648243153393e+08 1.663263019746438563e+08 1.800505082172784507e+08 1.937389145047303438e+08 2.070956507253555954e+08 2.197645728410212398e+08 2.313090962914586663e+08 2.412332831160936058e+08 2.489445879767904580e+08 2.537785132478249669e+08 2.550465068796128929e+08 2.520538693749072552e+08 2.443829196203829646e+08 2.316352621090831757e+08 2.144790997236679196e+08 1.937194752097857296e+08 1.715354346049298644e+08 1.503796046075585485e+08 1.327335704196790904e+08 1.205670683085143864e+08 1.136059178774744272e+08 1.079459512138733119e+08 9.704011310343204439e+07 7.814196587790735066e+07 5.786937166439037770e+07 4.656145856291999668e+07 4.501936503361064941e+07 3.897862544822493941e+07 2.598772395219319314e+07 2.117603448885788769e+07 1.895542476685442775e+07 1.213789602771323733e+07 1.062041244663863443e+07 7.068971695569853298e+06 5.657987975069212727e+06 3.843437397982596885e+06 2.759383199889897835e+06 1.956221603373312391e+06 1.339940194261968136e+06 9.020519811752663227e+05 5.971158219171130331e+05 3.879852219416096923e+05 2.471282900910187454e+05 1.541333546248209896e+05 9.404204084558198520e+04 5.607102612216641137e+04 3.263990809439002260e+04 1.853579181099226480e+04 1.026053255954944871e+04 5.532311883898373708e+03 2.903921754000319652e+03 1.483345931383388006e+03 7.372337130769058149e+02 3.565646132109073960e+02 1.678909672194585880e+02 7.701934154901823604e+01 3.446287995181524622e+01 1.506243879918249107e+01 6.440388467423548313e+00 2.699081705476790827e+00 1.111226420898469902e+00 4.506076070296660685e-01 1.804432532903870734e-01 7.152817953604255485e-02 2.812816974966497394e-02 1.099477965398003125e-02 4.279522223315089524e-03 1.661311026568563056e-03 6.439589763540654434e-04 2.494024075451904882e-04 9.655186988199078457e-05 3.738755651679713629e-05 1.449563454495220619e-05 5.633070523534064670e-06 2.195511799531847023e-06 8.583420660173809294e-07 3.366056406527118972e-07 1.324754780085023184e-07 5.236785908491108997e-08 2.079588497028780091e-08 8.284069124568740335e-09 3.306924103180794890e-09 1.325937721470520593e-09 5.342192645990076288e-10 2.162569744624554931e-10 8.779452735338790480e-11 3.560517276359284636e-11
4.515826126311545074e+07 4.946945249033024907e+07 5.411828564947587252e+07 5.921140365388764441e+07 6.507551332025710493e+07 7.254022939180673659e+07 8.124236765608377755e+07 9.099032766312819719e+07 1.017109706225936264e+08 1.133531594981280118e+08 1.258648374354955554e+08 1.391775330830780566e+08 1.532012951202341616e+08 1.678143094537015259e+08 1.828587034209575355e+08 1.981252415057953596e+08 2.133540758216225803e+08 2.282167468470282853e+08 2.423168383851354718e+08 2.551708579515835345e+08 2.662281373380161524e+08 2.748310606196801066e+08 2.802479757737810016e+08 2.817127560911371112e+08 2.784656790571869016e+08 2.700295131207963228e+08 2.559890687567744553e+08 2.370521206646758914e+08 2.141386981253444254e+08 1.896334653227203786e+08 1.662569118526763022e+08 1.467533588793086708e+08 1.332965803617424667e+08 1.255881824945498556e+08 1.193175122861243039e+08 1.072600147774663866e+08 8.638028566060879827e+07 6.398072704265218973e+07 5.147988194821266085e+07 4.976306960004439950e+07 4.308411711429102719e+07 2.873209918301722035e+07 2.340972579556220025e+07 2.095221080609055236e+07 1.341964204618440941e+07 1.173947550382822379e+07 7.815040205283508636e+06 6.254328261348435655e+06 4.248768578303087503e+06 3.050414955943848472e+06 2.162494913479004521e+06 1.481237835003129905e+06 9.971795142628249014e+05 6.600888788715620758e+05 4.289045626488224370e+05 2.731931258464219864e+05 1.703907409614358912e+05 1.039617895640308998e+05 6.198589236660916504e+04 3.608330244731084531e+04 2.049141137012522086e+04 1.134316979175290544e+04 6.116112433298161704e+03 3.210395368147836507e+03 1.639915428073965813e+03 8.150612634234726102e+02 3.942122411288884791e+02 1.856208795377383751e+02 8.515455040461459646e+01 3.810388339618017284e+01 1.665419921631976763e+01 7.121190928431349931e+00 2.984490401738935539e+00 1.228773872496160324e+00 4.982933078951244377e-01 1.995475565793261574e-01 7.910510904089784745e-02 3.110950442850198353e-02 1.216089110858709944e-02 4.733744085836632740e-03 1.837785611778763916e-03 7.124276675429528412e-04 2.759476472970773405e-04 1.068404303508594272e-04 4.137680911523679750e-05 1.604460310909614314e-05 6.236005684822935668e-06 2.430946323438342405e-06 9.505786773500878204e-07 3.728620768711299013e-07 1.467824233728774522e-07 5.804023919777492955e-08 2.305595317181951139e-08 9.187745376374145949e-09 3.669207369348769863e-09 1.471899071353691461e-09 5.933470778852848913e-10 2.403395072506551388e-10 9.763921483161418130e-11 3.962899715589273213e-11
5.068889605110193789e+07 5.557307159316604584e+07 6.079939409291405976e+07 6.641294143569853902e+07 7.254022939180673659e+07 7.958140582371892035e+07 8.856499724857142568e+07 9.902216779953700304e+07 1.106970907140049040e+08 1.234775443539925516e+08 1.372777320149387419e+08 1.520050842433631420e+08 1.675481331486114562e+08 1.837638004461421967e+08 2.004717950864752233e+08 2.174346720572426915e+08 2.343608125647994876e+08 2.508847438460716307e+08 2.665652471192608178e+08 2.808675368780888915e+08 2.931805768593591452e+08 3.027752438794094920e+08 3.088479501467986107e+08 3.105468547956752777e+08 3.070442337128655314e+08 2.977938136964989901e+08 2.823691430683197975e+08 2.615124824351809621e+08 2.362759733721301258e+08 2.092609280208827257e+08 1.834802492267840505e+08 1.619633589362265468e+08 1.471049695995517373e+08 1.385807911654543579e+08 1.316421398590246290e+08 1.183352134488556981e+08 9.531164794251313806e+07 7.061050626316174865e+07 5.681594964276021719e+07 5.490464270394051075e+07 4.753331065965408832e+07 3.170912628288615495e+07 2.583172906836309284e+07 2.311624331438565627e+07 1.480998412335797958e+07 1.295235915903984010e+07 8.624165496115250513e+06 6.900733650840611197e+06 4.688224927561864257e+06 3.365955138648971450e+06 2.386117035346905235e+06 1.634420985984279541e+06 1.100309888219332555e+06 7.283599946882805089e+05 4.732665108177147922e+05 3.014508138535931939e+05 1.880158587895836681e+05 1.147160794580623769e+05 6.839836967778688995e+04 3.981638493330740312e+04 2.261155439229656258e+04 1.251688776720411806e+04 6.749027374515076190e+03 3.542652280584858545e+03 1.809656994976622173e+03 8.994364127974027951e+02 4.350271635412957494e+02 2.048424172596952246e+02 9.397418204060255675e+01 4.205120983178370153e+01 1.837987769100755031e+01 7.859271102724776803e+00 3.293911468510125840e+00 1.356211055333120363e+00 5.499910284099381874e-01 2.202592078895383165e-01 8.731953253728312603e-02 3.434167985680799950e-02 1.342511687903071363e-02 5.226183762974740375e-03 2.029108818012645855e-03 7.866574252567088213e-04 3.047264867339317604e-04 1.179947201729760186e-04 4.570174444570166604e-05 1.772391572106236915e-05 6.889678655122926974e-06 2.686193623290844070e-06 1.050577659956713873e-06 4.121698774811656896e-07 1.622935059168375561e-07 6.419005724140609995e-08 2.550625987642970883e-08 1.016749246773552985e-08 4.061989661673831491e-09 1.630149286300600293e-09 6.574534804553781599e-10 2.664500135551990995e-10 1.083130147145700860e-10 4.399175006481426381e-11
5.674966612408854812e+07 6.228843231206949055e+07 6.820236855015207827e+07 7.450419212213282287e+07 8.124236765608377755e+07 8.856499724857142568e+07 9.696241669163362682e+07 1.077071810108508766e+08 1.201952349927586913e+08 1.340832694662551135e+08 1.492067403334063292e+08 1.654278654613316059e+08 1.826011502761623561e+08 2.005537858214553297e+08 2.190758773506351709e+08 2.378964098101645112e+08 2.566868016926465034e+08 2.750384465996237397e+08 2.924608930134913325e+08 3.083627049817800522e+08 3.220659309829041362e+08 3.327637006812855601e+08 3.395750305779566169e+08 3.415543085475307107e+08 3.378028345636249185e+08 3.276948716617079973e+08 3.107997646551978588e+08 2.878872008420661688e+08 2.601601828520874977e+08 2.304465789672761261e+08 2.020767335822885633e+08 1.783881508373410106e+08 1.620138761403345764e+08 1.526016062471964955e+08 1.449340762270013392e+08 1.302778620391388983e+08 1.049475150775962770e+08 7.776929736690957844e+07 6.257835968777624518e+07 6.045014443807672709e+07 5.233113794906809926e+07 3.492345122693330795e+07 2.844535746146943048e+07 2.544995831731101498e+07 1.631105825802972168e+07 1.426045660207138583e+07 9.497525766341075301e+06 7.597986635291429237e+06 5.162384245195657015e+06 3.706420894920875318e+06 2.627373420717782807e+06 1.799685912654531654e+06 1.211575735669609159e+06 8.020170946568300715e+05 5.211281884287443245e+05 3.319377292907144292e+05 2.070313902468579472e+05 1.263187478700316715e+05 7.531670789404663083e+04 4.384395797288896574e+04 2.489894829110575665e+04 1.378319643020447438e+04 7.431870979915795942e+03 3.901119994444263284e+03 1.992789059167665982e+03 9.904677528804879785e+02 4.790619185171490244e+02 2.255803275144923816e+02 1.034895937932529506e+02 4.630994349597403925e+01 2.024169746545019066e+01 8.655580125212075870e+00 3.627743754055323677e+00 1.493702285799484830e+00 6.057674479439184578e-01 2.426049299349489763e-01 9.618205236277412029e-02 3.782886947168200009e-02 1.478909007883224234e-02 5.757477696950950505e-03 2.235528052833598255e-03 8.667442984178552268e-04 3.357761900274298592e-04 1.300291938277977905e-04 5.036797201122936613e-05 1.953575263264790092e-05 7.594939041417451263e-06 2.961585869521171361e-06 1.158469332137561680e-06 4.545803491122368222e-07 1.790290073418624513e-07 7.082537041310189193e-08 2.815002246772931477e-08 1.122460005589667312e-08 4.485789462994302154e-09 1.800897918078865266e-09 7.266236592729660280e-10 2.946233266554536589e-10 1.198302294359242453e-10 4.869930619505926055e-11
6.334935718963626027e+07 6.961861531982932985e+07 7.631657679166054726e+07 8.343818856934250891e+07 9.099032766312819719e+07 9.902216779953700304e+07 1.077071810108508766e+08 1.176435738644344062e+08 1.304053321946792603e+08 1.452118812931863070e+08 1.616069952969322801e+08 1.793504275101143420e+08 1.982364315863232911e+08 2.180461892038058043e+08 2.385283897138083577e+08 2.593704631951353550e+08 2.801991868252640367e+08 3.005546888145564198e+08 3.198925545422471166e+08 3.375578526589969397e+08 3.527981935217739940e+08 3.647231153927257657e+08 3.723674959120567441e+08 3.746847808409133554e+08 3.707015783207070827e+08 3.597025214817291498e+08 3.412602840425985456e+08 3.161634883603140712e+08 2.857855537373827100e+08 2.531896847004796565e+08 2.220482617740496397e+08 1.960302753584873080e+08 1.780247499039233923e+08 1.676485203047232926e+08 1.591876505646970570e+08 1.430819534531598091e+08 1.152853204665992707e+08 8.545802646152621508e+07 6.876811707726645470e+07 6.639737567006462812e+07 5.747524610465225577e+07 3.837535740089941770e+07 3.125021276476226002e+07 2.795226671362034976e+07 1.792294096660345420e+07 1.566318815954382159e+07 1.043507226504899934e+07 8.345836009324267507e+06 5.671138871630735695e+06 4.071737781316777691e+06 2.886197398965965491e+06 1.976987954802339198e+06 1.330947670346400933e+06 8.810408904523355886e+05 5.724770467805657536e+05 3.646458644571688492e+05 2.274323322515333712e+05 1.387667384666507132e+05 8.273908322523871902e+04 4.816495938919275068e+04 2.735298974248534432e+04 1.514176182024276386e+04 8.164463227212665515e+03 4.285704055507125304e+03 2.189263400438611370e+03 1.088131334812691875e+03 5.263049326000569863e+02 2.478291658214274094e+02 1.136982905059948337e+02 5.087896910112513638e+01 2.223917164156963011e+01 9.509910058221812790e+00 3.985900224447915807e+00 1.641211778855982795e+00 6.656080755639173230e-01 2.665789284161259598e-01 1.056903752721325696e-01 4.157017301948576909e-02 1.625245948466063142e-02 6.327489468913749353e-03 2.456990483593267469e-03 9.526678627283780270e-04 3.690888710074396225e-04 1.429408088787252954e-04 5.537431830369675005e-05 2.147966086729517231e-05 8.351611693381831195e-06 3.257055183878910470e-06 1.274227328304266137e-06 5.000832284113533173e-07 1.969849221868164467e-07 7.794461043447477931e-08 3.098662492835579045e-08 1.235882580568757552e-08 4.940511433265310661e-09 1.984107372197342179e-09 8.008427562688990578e-10 3.248535648690902713e-10 1.321885327697352361e-10 5.375075057689149032e-11
7.049255070171803236e+07 7.756447266583502293e+07 8.513446247243897617e+07 9.318869508115935326e+07 1.017109706225936264e+08 1.106970907140049040e+08 1.201952349927586913e+08 1.304053321946792603e+08 1.420576647996155620e+08 1.570941259911408126e+08 1.745094610000669360e+08 1.936943459345727861e+08 2.143115763104475141e+08 2.360619881888197362e+08 2.586316601252169907e+08 2.816525039906341434e+08 3.046950115737533569e+08 3.272377806466465592e+08 3.486753226240454912e+08 3.682802864134639502e+08 3.852183033010163307e+08 3.985089653277928829e+08 4.070943133323450089e+08 4.098217479590854645e+08 4.056376874476095438e+08 3.937286601780456901e+08 3.736769904722026587e+08 3.462821208227651119e+08 3.131059601204258204e+08 2.774554323805502653e+08 2.433676859703167975e+08 2.148670730600888431e+08 1.951157692613264918e+08 1.836963194296466708e+08 1.743740173462124765e+08 1.567203010194186866e+08 1.263062228470545262e+08 9.366650659463046491e+07 7.537738923695284128e+07 7.273445127694556117e+07 6.295476499130441248e+07 4.206013495224683732e+07 3.424160537108708918e+07 3.061796992312400416e+07 1.964333396247066557e+07 1.715767044081408530e+07 1.143533200035064295e+07 9.142826798327635974e+06 6.213585650111136027e+06 4.461260838837550953e+06 3.162113077470318880e+06 2.166002500812634360e+06 1.458208072317206534e+06 9.652875376255108276e+05 6.272195958601424936e+05 3.995156481132850167e+05 2.491815168233837467e+05 1.520373674507743272e+05 9.065196797322679777e+04 5.277151323525610496e+04 2.996920557720155557e+04 1.659010760296724766e+04 8.945468845877565400e+03 4.695703554405288742e+03 2.398721982134316477e+03 1.192249210039726222e+03 5.766701400186901765e+02 2.715484071463592954e+02 1.245816811847029584e+02 5.574996774694010071e+01 2.436866418872240203e+01 1.042070611750876274e+01 4.367729236425811123e+00 1.798471219838048363e+00 7.294040929246231597e-01 2.921376199946377761e-01 1.158272210937185964e-01 4.555879347751486119e-02 1.781256751608369451e-02 6.935184329536742132e-03 2.693094273993165439e-03 1.044272294434501471e-03 4.046041524662201817e-04 1.567061795197368041e-04 6.071172256315368051e-05 2.355212521274421646e-05 9.158329604854971629e-06 3.572068343700452315e-06 1.397642997422489849e-06 5.485966095492547129e-07 2.161289791902479865e-07 8.553500434531502290e-08 3.401098784761604186e-08 1.356814313975907845e-08 5.425345123260258208e-09 2.179452028052435200e-09 8.799792753358185489e-10 3.570873582891504873e-10 1.453661941348408552e-10 5.913724091392185913e-11
7.817499800654742122e+07 8.611830098787404597e+07 9.464216344902196527e+07 1.037298825128398538e+08 1.133531594981280118e+08 1.234775443539925516e+08 1.340832694662551135e+08 1.452118812931863070e+08 1.570941259911408126e+08 1.706166938466975391e+08 1.881743560892010927e+08 2.084689058287895620e+08 2.306976782466199696e+08 2.543911048074282110e+08 2.791293653227674961e+08 3.044617699392533302e+08 3.298837859607917666e+08 3.547985528375886679e+08 3.785270609338179827e+08 4.002585122605507970e+08 4.190688644648814201e+08 4.338799481675348282e+08 4.435298938745892644e+08 4.467579594266290069e+08 4.424220201037371159e+08 4.296051765182176232e+08 4.079021961804393530e+08 3.781193475970891118e+08 3.420188634661414027e+08 3.031613749419627190e+08 2.659672013468710780e+08 2.348406639752933085e+08 2.132325287481107414e+08 2.006876076865724921e+08 1.904321994433694184e+08 1.711363328538588583e+08 1.379687453916365206e+08 1.023690005664933771e+08 8.238592131360459328e+07 7.943604437864807248e+07 6.874699913446611166e+07 4.596607389623144269e+07 3.740886789691221714e+07 3.343617198198887333e+07 2.146661975842715800e+07 1.873782102500884607e+07 1.249484639653918333e+07 9.985831231263533235e+06 6.787714269975285977e+06 4.873550892951389775e+06 3.454075328341721091e+06 2.366015484307364095e+06 1.592877441880694823e+06 1.054439898042798974e+06 6.851497336383245420e+05 4.364157703733219532e+05 2.721970264419449959e+05 1.660806444610864273e+05 9.902555158127182222e+04 5.764626408732454729e+04 3.273773884034141156e+04 1.812277696014195317e+04 9.771945386701816460e+03 5.129573888186941986e+03 2.620375757395980145e+03 1.302429190413517745e+03 6.299678444786045475e+02 2.966487243487035244e+02 1.360987834424909124e+02 6.090459949677938312e+01 2.662215833854081737e+01 1.138453995876440494e+01 4.771793748756448572e+00 1.964888841115683515e+00 7.969154735767464137e-01 3.191848586986328340e-01 1.265544642255436725e-01 4.977973223846657996e-02 1.946354889316734976e-02 7.578278177505577001e-03 2.942952234647793798e-03 1.141213482371761321e-03 4.421886671991861334e-04 1.712736339318365745e-04 6.636015819621823202e-05 2.574537331986536561e-05 1.001206900324993373e-05 3.905445332870105730e-06 1.528254355858554036e-06 5.999390343795263475e-07 2.363896356656748691e-07 9.356821445250366480e-08 3.721183275952391744e-08 1.484804793074751144e-08 5.938487341002137557e-09 2.386206523837302009e-09 9.637398916516126584e-10 3.912054721794579800e-10 1.593145799294652989e-10 6.483894883668200262e-11
8.638160563070489466e+07 9.526109289758116007e+07 1.048146149470147491e+08 1.150268521365806460e+08 1.258648374354955554e+08 1.372777320149387419e+08 1.492067403334063292e+08 1.616069952969322801e+08 1.745094610000669360e+08 1.881743560892010927e+08 2.036796346787164509e+08 2.239686878551575243e+08 2.473748964989133775e+08 2.728409273326488733e+08 2.997286686327365637e+08 3.274478606975417733e+08 3.553848842281345129e+08 3.828453421257365942e+08 4.090558343225380182e+08 4.331087115354105830e+08 4.539799994838110805e+08 4.704829817808856368e+08 4.813402432485581636e+08 4.851824062649571300e+08 4.807669297663000822e+08 4.670731120508279204e+08 4.437056351594089866e+08 4.114789473459662199e+08 3.723584291692841053e+08 3.301722504352115989e+08 2.897341387712706327e+08 2.558546479717822969e+08 2.322845545186532736e+08 2.185293140072081089e+08 2.072651103642264009e+08 1.862404809738433659e+08 1.502061883435111046e+08 1.115226688721131384e+08 8.975980517903938890e+07 8.646180645818577707e+07 7.481597994323775172e+07 5.007364302605000138e+07 4.073471196722088754e+07 3.638959322961586714e+07 2.338351795205368474e+07 2.039397131900526211e+07 1.360795498551670648e+07 1.086985271164521389e+07 7.390282817284597084e+06 5.306285199066174217e+06 3.760404674815916922e+06 2.575878913192973938e+06 1.734184551149541978e+06 1.147987798115242040e+06 7.459359155910612317e+05 4.751350076468499610e+05 2.963470936528648599e+05 1.808161598197931016e+05 1.078118842887777573e+05 6.276129622265613580e+04 3.564273489788696315e+04 1.973099271217745627e+04 1.063915993686891670e+04 5.584830538729686850e+03 2.852955510502574725e+03 1.418040411750057274e+03 6.858928981588032912e+02 3.229864209893130464e+02 1.481836689459051968e+02 6.631336000071223680e+01 2.898675669518489784e+01 1.239589585512070258e+01 5.195781673444267668e+00 2.139512494885640326e+00 8.677560002744266754e-01 3.475659322832186371e-01 1.378107520167232980e-01 5.420885176473187045e-02 2.119596389935675743e-02 8.253094661819958960e-03 3.205136283696691062e-03 1.242937470859673248e-03 4.816276965052265291e-04 1.865599718180925386e-04 7.228737483013374955e-05 2.804688694530443836e-05 1.090795896346602133e-05 4.255284939780825723e-06 1.665316912582259031e-06 6.538180129013546548e-07 2.576515425507444912e-07 1.019985380756265995e-07 4.057096386378457020e-08 1.619127085617460583e-08 6.477026632044139068e-09 2.603199122434708603e-09 1.051650518769618700e-09 4.270150766172747080e-10 1.739549847318164451e-10 7.082376072876879596e-11
9.508097091966009140e+07 1.049560442418841869e+08 1.156078782621616870e+08 1.270258017119158655e+08 1.391775330830780566e+08 1.520050842433631420e+08 1.654278654613316059e+08 1.793504275101143420e+08 1.936943459345727861e+08 2.084689058287895620e+08 2.239686878551575243e+08 2.414950032695716321e+08 2.646658601868624985e+08 2.913419292988954782e+08 3.201452049132463932e+08 3.502021552794104815e+08 3.807194885780293941e+08 4.108629233201432824e+08 4.397324659367616773e+08 4.663027782798919678e+08 4.894342324947743416e+08 5.078168828871285915e+08 5.200470065837599635e+08 5.246448692406346798e+08 5.202521905345864296e+08 5.057505887193389535e+08 4.807454101016597152e+08 4.460659285375481248e+08 4.038723444329805970e+08 3.582804078175624013e+08 3.144942780245057940e+08 2.777598079294722080e+08 2.521320215259678960e+08 2.370798450713953674e+08 2.247267551377118528e+08 2.018984250861189365e+08 1.629175010007576346e+08 1.210612754147842079e+08 9.744641733406695724e+07 9.375101312297117710e+07 8.110773594018588960e+07 5.435254765418673307e+07 4.419283220745699108e+07 3.945229196532058716e+07 2.537973863763802499e+07 2.211158595875003934e+07 1.476599097925398871e+07 1.178735600849087723e+07 8.016373780604665168e+06 5.755938096042259596e+06 4.078558849818588234e+06 2.793854654036287218e+06 1.880961320322255371e+06 1.245158460536642000e+06 8.090759477097584167e+05 5.153534244492769358e+05 3.214321375444213045e+05 1.961221232336901012e+05 1.169383410363773583e+05 6.807432852681730583e+04 3.866018040065730747e+04 2.140146097872074824e+04 1.153994402297471242e+04 6.057710432608161682e+03 3.094538861892247041e+03 1.538127345965388486e+03 7.439831091410059116e+02 3.503438448591419387e+02 1.607364770012452198e+02 7.193155884596035321e+01 3.144292321698653581e+01 1.344641885576795914e+01 5.636190717661693661e+00 2.320899867394804694e+00 9.413406207372624346e-01 3.770464740994245445e-01 1.495031422153313139e-01 5.880958564408433203e-02 2.299551178435690901e-02 8.954064125462506130e-03 3.477482818244625757e-03 1.348604965937551074e-03 5.225959093711124220e-04 2.024391268392687474e-04 7.844450384792281199e-05 3.043769630911048532e-05 1.183861777759842289e-05 4.618705749872410824e-06 1.807702253484634018e-06 7.097901834935479207e-07 2.797398344409306461e-07 1.107566837811602060e-07 4.406079044350361809e-08 1.758678772814021203e-08 7.036546967039760067e-09 2.828652241120593362e-09 1.142991799802179296e-09 4.642235141280247855e-10 1.891679269923119540e-10 7.704291135381407983e-11
1.042229711177511811e+08 1.151463919822263867e+08 1.269571221192535162e+08 1.396513943898975551e+08 1.532012951202341616e+08 1.675481331486114562e+08 1.826011502761623561e+08 1.982364315863232911e+08 2.143115763104475141e+08 2.306976782466199696e+08 2.473748964989133775e+08 2.646658601868624985e+08 2.841473406774222255e+08 3.102535421876539588e+08 3.402513025221486688e+08 3.723338732490554452e+08 4.053477675840879083e+08 4.382277012670446634e+08 4.698930460030909181e+08 4.991627952002495527e+08 5.247565772492883801e+08 5.452222323528540134e+08 5.590175118062313795e+08 5.645454708956199884e+08 5.603163472964757681e+08 5.451253087711242437e+08 5.185621342636205554e+08 4.814820593595956564e+08 4.362208771774034500e+08 3.872042167763192058e+08 3.400114786284224987e+08 3.003540482089197040e+08 2.725855081225876808e+08 2.561482313907545507e+08 2.426209066695184410e+08 2.179294517376456261e+08 1.759663882161541879e+08 1.308949832434242517e+08 1.053741945020954460e+08 1.012220140050626099e+08 8.754980843019151688e+07 5.876158582896065712e+07 4.774769546124579012e+07 4.258936270336942375e+07 2.743592462675746903e+07 2.387110766713763773e+07 1.595722242107825913e+07 1.272819185406512208e+07 8.659357594674011692e+06 6.217752447680004872e+06 4.405110031040182337e+06 3.017599282886385918e+06 2.031632582859137794e+06 1.344909753610666143e+06 8.738925964506134624e+05 5.566395736908047693e+05 3.471830154805456405e+05 2.118342960924818181e+05 1.263069843742662197e+05 7.352834339758275019e+04 4.175769243246661063e+04 2.311625440903149138e+04 1.246463062625424573e+04 6.543138868454391741e+03 3.342533368559454630e+03 1.661401398868543538e+03 8.036151761025702172e+02 3.784274729629857461e+02 1.736225355970565545e+02 7.769892603175863144e+01 3.396431110087306138e+01 1.452484113191891879e+01 6.088297486217252974e+00 2.507105743672793707e+00 1.016880276520574666e+00 4.073103891372725771e-01 1.615062793886136716e-01 6.353261406741883555e-02 2.484290362497922414e-02 9.673673991406277206e-03 3.757073398527703122e-03 1.457083823946533473e-03 5.646544427999987533e-04 2.187410317598551066e-04 8.476561696411405347e-05 3.289220808302230548e-05 1.279408573204614164e-05 4.991819779654371988e-06 1.953887660888511479e-06 7.672572101322924051e-07 3.024185007001906165e-07 1.197491211692830398e-07 4.764406584923384048e-08 1.901971425606016338e-08 7.611085154854196238e-09 3.060165113716707081e-09 1.236792002121892851e-09 5.024353684080031541e-10 2.047919337096274125e-10 8.343047929960397935e-11
1.137346539318662286e+08 1.257503860371463001e+08 1.387699639797751606e+08 1.527981648243153393e+08 1.678143094537015259e+08 1.837638004461421967e+08 2.005537858214553297e+08 2.180461892038058043e+08 2.360619881888197362e+08 2.543911048074282110e+08 2.728409273326488733e+08 2.913419292988954782e+08 3.102535421876539588e+08 3.314766902732104659e+08 3.604372069981946945e+08 3.936335932890219092e+08 4.287408417276675701e+08 4.642318925679454207e+08 4.987342190644023418e+08 5.308410469166758657e+08 5.590876491342562437e+08 5.818501546790345907e+08 5.974307029670957327e+08 6.040991717866947651e+08 6.002242491310390234e+08 5.845240352383418083e+08 5.565513691779224873e+08 5.172008804525302649e+08 4.689570657285304070e+08 4.165713998930751681e+08 3.659740014249713421e+08 3.233700240924413204e+08 2.933949654840347767e+08 2.754829616818714142e+08 2.606901758167089224e+08 2.340961966219849885e+08 1.891732373600181639e+08 1.409047618796511889e+08 1.134483298497012407e+08 1.087676907488608360e+08 9.404728565677586198e+07 6.324614294420137256e+07 5.135228161072556674e+07 4.575493039981585741e+07 2.952649668153042346e+07 2.564690211614669114e+07 1.716615540550065041e+07 1.367901283142188564e+07 9.310512449803937227e+06 6.685463403181038797e+06 4.735546213018931448e+06 3.244028340828698594e+06 2.184124784212994855e+06 1.445869780227130745e+06 9.394943311448106542e+05 5.984254872143408284e+05 3.732454221591875539e+05 2.277364714712024434e+05 1.357888876444239868e+05 7.904828182640182786e+04 4.489264151066323393e+04 2.485177307259423105e+04 1.340049386389408210e+04 7.034435379297791769e+03 3.593526262784307164e+03 1.786166222028146422e+03 8.639685614044368549e+02 4.068508988752756181e+02 1.866645558529062612e+02 8.353611876557181404e+01 3.651623576302723251e+01 1.561632892015455987e+01 6.545883729085194780e+00 2.695569271373741138e+00 1.093336173638539854e+00 4.379415354070231858e-01 1.736551304255475880e-01 6.831300578183913119e-02 2.671274458839218574e-02 1.040203344930013679e-02 4.040065648199416687e-03 1.566883456595272476e-03 6.072254762008197446e-04 2.352417662188156019e-04 9.116390719889232359e-05 3.537672297533067282e-05 1.376124827628044060e-05 5.369507322432192728e-06 2.101867942999904725e-06 8.254311412999398293e-07 3.253767235036791327e-07 1.288526675808072946e-07 5.127173216299082250e-08 2.047044492396067135e-08 8.192785927630774463e-09 3.294574965932392009e-09 1.331770843769728261e-09 5.411296139348914443e-10 2.206142127333832712e-10 8.989958057922095610e-11
1.235177830609225184e+08 1.366574667257697582e+08 1.509220689416754246e+08 1.663263019746438563e+08 1.828587034209575355e+08 2.004717950864752233e+08 2.190758773506351709e+08 2.385283897138083577e+08 2.586316601252169907e+08 2.791293653227674961e+08 2.997286686327365637e+08 3.201452049132463932e+08 3.402513025221486688e+08 3.604372069981946945e+08 3.829970347047829628e+08 4.145297130083466172e+08 4.505930330278827548e+08 4.881874805237327218e+08 5.253600961933861375e+08 5.603372476987439394e+08 5.913832167288051844e+08 6.166521925865201950e+08 6.342614597782779932e+08 6.423212165159935951e+08 6.390530376267651320e+08 6.230999905267825127e+08 5.939526311106914282e+08 5.525573984382212162e+08 5.015199409371372461e+08 4.459147514919510484e+08 3.919917512527561784e+08 3.464713259571487904e+08 3.142484315731462240e+08 2.947699613272374272e+08 2.786138205317912698e+08 2.501029007227382660e+08 2.023130123158098757e+08 1.509415792232230902e+08 1.215503551460314095e+08 1.162544549695483446e+08 1.004816312400216907e+08 6.773783159125098586e+07 5.494765900480930507e+07 4.889167342777784914e+07 3.161945980068979412e+07 2.740698550630568713e+07 1.837339578505603969e+07 1.462312654761213437e+07 9.958943184371184558e+06 7.151237113536933437e+06 5.064225106494128704e+06 3.469285121711671818e+06 2.335845069905709475e+06 1.546323049968839157e+06 1.004766335012575844e+06 6.400009462093877373e+05 3.991763136568624177e+05 2.435582911475091823e+05 1.452228328603391419e+05 8.454028515474640881e+04 4.801172087064894731e+04 2.657850598224139321e+04 1.433162038230615872e+04 7.523246215729665892e+03 3.843249958872544084e+03 1.910300566841525097e+03 9.240171971224015124e+02 4.351309267722291452e+02 1.996408397997291502e+02 8.934391932090194643e+01 3.905532414331739943e+01 1.670233252121952816e+01 7.001173451039199414e+00 2.883088055200225153e+00 1.169409271368884617e+00 4.684195118157712945e-01 1.857433134797956686e-01 7.306956034288318580e-02 2.857327655917762943e-02 1.112677315804384837e-02 4.321654266510246457e-03 1.676139695712127765e-03 6.495863597160176717e-04 2.516612793428171899e-04 9.753080514416693722e-05 3.784909228588978920e-05 1.472370220538586206e-05 5.745364637224778427e-06 2.249134914715714897e-06 8.833263332623943908e-07 3.482256858634837098e-07 1.379132204034049761e-07 5.488241415619187721e-08 2.191445022871384596e-08 8.771820460859675981e-09 3.527924100159170661e-09 1.426326119908317016e-09 5.796541508706574722e-10 2.363684104174842398e-10 9.634144832300428001e-11
1.334406824439769536e+08 1.477204431311802566e+08 1.632485722307537496e+08 1.800505082172784507e+08 1.981252415057953596e+08 2.174346720572426915e+08 2.378964098101645112e+08 2.593704631951353550e+08 2.816525039906341434e+08 3.044617699392533302e+08 3.274478606975417733e+08 3.502021552794104815e+08 3.723338732490554452e+08 3.936335932890219092e+08 4.145297130083466172e+08 4.377559125523972511e+08 4.713391538822618723e+08 5.096382196089656353e+08 5.488602431906454563e+08 5.865037115951082706e+08 6.203813347728809118e+08 6.483275843020797968e+08 6.682205379291863441e+08 6.779640127065979242e+08 6.756267083511095047e+08 6.597666388194919825e+08 6.297900364380438328e+08 5.866935793098710775e+08 5.331874067925338149e+08 4.746303175618314147e+08 4.175623862989156246e+08 3.692235567934791446e+08 3.347462761615101695e+08 3.136079441871627569e+08 2.959841193427271843e+08 2.655740168841973245e+08 2.150980745437952280e+08 1.608134953737894595e+08 1.295282993005077988e+08 1.235120207939242274e+08 1.067017647499512732e+08 7.214888493914484978e+07 5.845842237754008174e+07 5.192652021034228802e+07 3.367372053598873317e+07 2.911063454664545506e+07 1.955410450685887784e+07 1.553921946517967992e+07 1.059073068827247247e+07 7.605044190418148413e+06 5.383936730243876576e+06 3.688441438089882489e+06 2.483479955165485386e+06 1.644077162380290916e+06 1.068283875447990606e+06 6.804582974695718149e+05 4.244094864848483703e+05 2.589542425642173621e+05 1.544027870789213921e+05 8.988440434191103850e+04 5.104680586029210826e+04 2.825873888731861371e+04 1.523767334372020559e+04 7.998895507751433797e+03 4.086250592523093019e+03 2.031093530267776941e+03 9.824497927115678522e+02 4.626500431909070130e+02 2.122680620904870636e+02 9.499552939504231119e+01 4.152614626748975724e+01 1.775914573678964103e+01 7.444229056510157427e+00 3.065569483218259172e+00 1.243439414762270490e+00 4.980792531716102811e-01 1.975070754263978101e-01 7.769850470007409748e-02 3.038391310130336004e-02 1.183208526986454477e-02 4.595698145683054653e-03 1.782470160349524215e-03 6.908135569032576410e-04 2.676416699984795968e-04 1.037275605877153317e-04 4.025545054802450720e-05 1.566048444574764934e-05 6.111207828931777803e-06 2.392483148030009349e-06 9.396831455489349821e-07 3.704684842145339782e-07 1.467338381732685470e-07 5.839767488980559632e-08 2.332038167343670990e-08 9.335627585059030758e-09 3.755154600110752889e-09 1.518410218642496608e-09 6.171755966860996848e-10 2.517141265510529055e-10 1.026170780434393608e-10
